-40.500	-2.800	0.068
-41.200	-2.900	0.041
-41.100	-2.900	0.043
-41.000	-2.900	0.051
-40.900	-2.900	0.053
-40.800	-2.900	0.056
-40.700	-2.900	0.058
-40.600	-2.900	0.069
-40.500	-2.900	0.072
-40.400	-2.900	0.075
-40.300	-2.900	0.078
-40.200	-2.900	0.095
-40.100	-2.900	0.097
-40.000	-2.900	0.100
-39.900	-2.900	0.101
-41.200	-3.000	0.043
-41.100	-3.000	0.051
-41.000	-3.000	0.054
-40.900	-3.000	0.056
-40.800	-3.000	0.058
-40.700	-3.000	0.070
-40.600	-3.000	0.074
-40.500	-3.000	0.077
-40.400	-3.000	0.095
-40.300	-3.000	0.098
-40.200	-3.000	0.103
-40.100	-3.000	0.106
-40.000	-3.000	0.131
-39.900	-3.000	0.133
-39.800	-3.000	0.134
-39.700	-3.000	0.133
-41.200	-3.100	0.051
-41.100	-3.100	0.053
-41.000	-3.100	0.055
-40.900	-3.100	0.058
-40.800	-3.100	0.070
-40.700	-3.100	0.074
-40.600	-3.100	0.078
-40.500	-3.100	0.097
-40.400	-3.100	0.102
-40.300	-3.100	0.107
-40.200	-3.100	0.136
-40.100	-3.100	0.140
-40.000	-3.100	0.145
-39.900	-3.100	0.146
-39.800	-3.100	0.147
-39.700	-3.100	0.146
-39.600	-3.100	0.145
-41.300	-3.200	0.049
-41.200	-3.200	0.052
-41.100	-3.200	0.055
-41.000	-3.200	0.058
-40.900	-3.200	0.069
-40.800	-3.200	0.074
-40.700	-3.200	0.077
-40.600	-3.200	0.098
-40.500	-3.200	0.104
-40.400	-3.200	0.133
-40.300	-3.200	0.141
-40.200	-3.200	0.178
-40.100	-3.200	0.184
-40.000	-3.200	0.192
-39.900	-3.200	0.192
-39.800	-3.200	0.196
-39.700	-3.200	0.193
-39.600	-3.200	0.192
-39.500	-3.200	0.185
-39.400	-3.200	0.181
-41.300	-3.300	0.051
-41.200	-3.300	0.054
-41.100	-3.300	0.057
-41.000	-3.300	0.068
-40.900	-3.300	0.073
-40.800	-3.300	0.077
-40.700	-3.300	0.097
-40.600	-3.300	0.104
-40.500	-3.300	0.134
-40.400	-3.300	0.143
-40.300	-3.300	0.181
-40.200	-3.300	0.193
-40.100	-3.300	0.199
-40.000	-3.300	0.206
-39.900	-3.300	0.208
-39.800	-3.300	0.254
-39.700	-3.300	0.208
-39.600	-3.300	0.207
-39.500	-3.300	0.200
-39.400	-3.300	0.195
-39.300	-3.300	0.186
-39.200	-3.300	0.150
-41.300	-3.400	0.052
-41.200	-3.400	0.055
-41.100	-3.400	0.058
-41.000	-3.400	0.070
-40.900	-3.400	0.075
-40.800	-3.400	0.095
-40.700	-3.400	0.102
-40.600	-3.400	0.133
-40.500	-3.400	0.143
-40.400	-3.400	0.187
-40.300	-3.400	0.197
-40.200	-3.400	0.256
-40.100	-3.400	0.260
-40.000	-3.400	0.277
-39.900	-3.400	0.273
-39.800	-3.400	0.283
-39.700	-3.400	0.273
-39.600	-3.400	0.277
-39.500	-3.400	0.261
-39.400	-3.400	0.260
-39.300	-3.400	0.202
-39.200	-3.400	0.195
-39.100	-3.400	0.185
-41.300	-3.500	0.053
-41.200	-3.500	0.056
-41.100	-3.500	0.068
-41.000	-3.500	0.073
-40.900	-3.500	0.078
-40.800	-3.500	0.099
-40.700	-3.500	0.107
-40.600	-3.500	0.141
-40.500	-3.500	0.181
-40.400	-3.500	0.198
-40.300	-3.500	0.207
-40.200	-3.500	0.267
-40.100	-3.500	0.272
-40.000	-3.500	0.287
-39.900	-3.500	0.286
-39.800	-3.500	0.294
-39.700	-3.500	0.286
-39.600	-3.500	0.288
-39.500	-3.500	0.274
-39.400	-3.500	0.270
-39.300	-3.500	0.254
-39.200	-3.500	0.206
-39.100	-3.500	0.197
-39.000	-3.500	0.191
-41.300	-3.600	0.053
-41.200	-3.600	0.057
-41.100	-3.600	0.069
-41.000	-3.600	0.074
-40.900	-3.600	0.095
-40.800	-3.600	0.102
-40.700	-3.600	0.135
-40.600	-3.600	0.178
-40.500	-3.600	0.193
-40.400	-3.600	0.256
-40.300	-3.600	0.267
-40.200	-3.600	0.353
-40.100	-3.600	0.293
-40.000	-3.600	0.381
-39.900	-3.600	0.367
-39.800	-3.600	0.392
-39.700	-3.600	0.368
-39.600	-3.600	0.383
-39.500	-3.600	0.295
-39.400	-3.600	0.357
-39.300	-3.600	0.275
-39.200	-3.600	0.269
-39.100	-3.600	0.211
-39.000	-3.600	0.206
-38.900	-3.600	0.200
-38.800	-3.600	0.200
-41.200	-3.700	0.058
-41.100	-3.700	0.070
-41.000	-3.700	0.076
-40.900	-3.700	0.097
-40.800	-3.700	0.106
-40.700	-3.700	0.140
-40.600	-3.700	0.183
-40.500	-3.700	0.199
-40.400	-3.700	0.260
-40.300	-3.700	0.272
-40.200	-3.700	0.293
-40.100	-3.700	0.299
-40.000	-3.700	0.376
-39.900	-3.700	0.372
-39.800	-3.700	0.387
-39.700	-3.700	0.372
-39.600	-3.700	0.378
-39.500	-3.700	0.357
-39.400	-3.700	0.354
-39.300	-3.700	0.282
-39.200	-3.700	0.275
-39.100	-3.700	0.260
-39.000	-3.700	0.257
-38.900	-3.700	0.211
-38.800	-3.700	0.253
-38.700	-3.700	0.210
-38.600	-3.700	0.255
-41.200	-3.800	0.058
-41.100	-3.800	0.072
-41.000	-3.800	0.077
-40.900	-3.800	0.099
-40.800	-3.800	0.131
-40.700	-3.800	0.144
-40.600	-3.800	0.192
-40.500	-3.800	0.207
-40.400	-3.800	0.276
-40.300	-3.800	0.287
-40.200	-3.800	0.382
-40.100	-3.800	0.377
-40.000	-3.800	0.494
-39.900	-3.800	0.396
-39.800	-3.800	0.508
-39.700	-3.800	0.397
-39.600	-3.800	0.496
-39.500	-3.800	0.381
-39.400	-3.800	0.389
-39.300	-3.800	0.298
-39.200	-3.800	0.357
-39.100	-3.800	0.278
-39.000	-3.800	0.279
-38.900	-3.800	0.270
-38.800	-3.800	0.277
-38.700	-3.800	0.272
-38.600	-3.800	0.283
-38.500	-3.800	0.277
-41.200	-3.900	0.059
-41.100	-3.900	0.073
-41.000	-3.900	0.077
-40.900	-3.900	0.100
-40.800	-3.900	0.132
-40.700	-3.900	0.146
-40.600	-3.900	0.192
-40.500	-3.900	0.207
-40.400	-3.900	0.273
-40.300	-3.900	0.285
-40.200	-3.900	0.366
-40.100	-3.900	0.371
-40.000	-3.900	0.395
-39.900	-3.900	0.390
-39.800	-3.900	0.407
-39.700	-3.900	0.392
-39.600	-3.900	0.399
-39.500	-3.900	0.376
-39.400	-3.900	0.376
-39.300	-3.900	0.298
-39.200	-3.900	0.294
-39.100	-3.900	0.282
-39.000	-3.900	0.283
-38.900	-3.900	0.277
-38.800	-3.900	0.284
-38.700	-3.900	0.283
-38.600	-3.900	0.293
-38.500	-3.900	0.289
-38.400	-3.900	0.296
-41.200	-4.000	0.059
-41.100	-4.000	0.072
-41.000	-4.000	0.078
-40.900	-4.000	0.100
-40.800	-4.000	0.133
-40.700	-4.000	0.147
-40.600	-4.000	0.196
-40.500	-4.000	0.255
-40.400	-4.000	0.283
-40.300	-4.000	0.294
-40.200	-4.000	0.392
-40.100	-4.000	0.386
-40.000	-4.000	0.507
-39.900	-4.000	0.406
-39.800	-4.000	0.521
-39.700	-4.000	0.407
-39.600	-4.000	0.510
-39.500	-4.000	0.392
-39.400	-4.000	0.403
-39.300	-4.000	0.369
-39.200	-4.000	0.376
-39.100	-4.000	0.294
-39.000	-4.000	0.364
-38.900	-4.000	0.294
-38.800	-4.000	0.372
-38.700	-4.000	0.361
-38.600	-4.000	0.388
-38.500	-4.000	0.370
-38.400	-4.000	0.394
-38.300	-4.000	0.368
-41.100	-4.100	0.072
-41.000	-4.100	0.077
-40.900	-4.100	0.100
-40.800	-4.100	0.132
-40.700	-4.100	0.146
-40.600	-4.100	0.193
-40.500	-4.100	0.208
-40.400	-4.100	0.273
-40.300	-4.100	0.285
-40.200	-4.100	0.367
-40.100	-4.100	0.372
-40.000	-4.100	0.396
-39.900	-4.100	0.390
-39.800	-4.100	0.406
-39.700	-4.100	0.392
-39.600	-4.100	0.399
-39.500	-4.100	0.379
-39.400	-4.100	0.379
-39.300	-4.100	0.357
-39.200	-4.100	0.358
-39.100	-4.100	0.292
-39.000	-4.100	0.297
-38.900	-4.100	0.296
-38.800	-4.100	0.365
-38.700	-4.100	0.363
-38.600	-4.100	0.381
-38.500	-4.100	0.375
-38.400	-4.100	0.388
-38.300	-4.100	0.373
-38.200	-4.100	0.378
-41.100	-4.200	0.072
-41.000	-4.200	0.077
-40.900	-4.200	0.100
-40.800	-4.200	0.131
-40.700	-4.200	0.144
-40.600	-4.200	0.191
-40.500	-4.200	0.206
-40.400	-4.200	0.277
-40.300	-4.200	0.287
-40.200	-4.200	0.382
-40.100	-4.200	0.377
-40.000	-4.200	0.494
-39.900	-4.200	0.396
-39.800	-4.200	0.508
-39.700	-4.200	0.399
-39.600	-4.200	0.499
-39.500	-4.200	0.386
-39.400	-4.200	0.396
-39.300	-4.200	0.366
-39.200	-4.200	0.378
-39.100	-4.200	0.357
-39.000	-4.200	0.378
-38.900	-4.200	0.366
-38.800	-4.200	0.396
-38.700	-4.200	0.386
-38.600	-4.200	0.498
-38.500	-4.200	0.399
-38.400	-4.200	0.508
-38.300	-4.200	0.396
-38.200	-4.200	0.494
-38.100	-4.200	0.377
-41.100	-4.300	0.071
-41.000	-4.300	0.076
-40.900	-4.300	0.097
-40.800	-4.300	0.105
-40.700	-4.300	0.140
-40.600	-4.300	0.184
-40.500	-4.300	0.199
-40.400	-4.300	0.259
-40.300	-4.300	0.272
-40.200	-4.300	0.293
-40.100	-4.300	0.299
-40.000	-4.300	0.377
-39.900	-4.300	0.373
-39.800	-4.300	0.388
-39.700	-4.300	0.375
-39.600	-4.300	0.382
-39.500	-4.300	0.363
-39.400	-4.300	0.365
-39.300	-4.300	0.296
-39.200	-4.300	0.297
-39.100	-4.300	0.293
-39.000	-4.300	0.358
-38.900	-4.300	0.357
-38.800	-4.300	0.379
-38.700	-4.300	0.379
-38.600	-4.300	0.399
-38.500	-4.300	0.392
-38.400	-4.300	0.406
-38.300	-4.300	0.391
-38.200	-4.300	0.396
-38.100	-4.300	0.372
-38.000	-4.300	0.367
-41.100	-4.400	0.070
-41.000	-4.400	0.075
-40.900	-4.400	0.094
-40.800	-4.400	0.103
-40.700	-4.400	0.136
-40.600	-4.400	0.179
-40.500	-4.400	0.193
-40.400	-4.400	0.257
-40.300	-4.400	0.266
-40.200	-4.400	0.352
-40.100	-4.400	0.294
-40.000	-4.400	0.382
-39.900	-4.400	0.368
-39.800	-4.400	0.394
-39.700	-4.400	0.370
-39.600	-4.400	0.388
-39.500	-4.400	0.361
-39.400	-4.400	0.373
-39.300	-4.400	0.294
-39.200	-4.400	0.364
-39.100	-4.400	0.295
-39.000	-4.400	0.375
-38.900	-4.400	0.369
-38.800	-4.400	0.402
-38.700	-4.400	0.393
-38.600	-4.400	0.510
-38.500	-4.400	0.408
-38.400	-4.400	0.521
-38.300	-4.400	0.406
-38.200	-4.400	0.508
-38.100	-4.400	0.387
-38.000	-4.400	0.392
-37.900	-4.400	0.294
-37.800	-4.400	0.284
-41.100	-4.500	0.068
-41.000	-4.500	0.072
-40.900	-4.500	0.078
-40.800	-4.500	0.099
-40.700	-4.500	0.107
-40.600	-4.500	0.141
-40.500	-4.500	0.181
-40.400	-4.500	0.197
-40.300	-4.500	0.208
-40.200	-4.500	0.267
-40.100	-4.500	0.272
-40.000	-4.500	0.287
-39.900	-4.500	0.287
-39.800	-4.500	0.295
-39.700	-4.500	0.289
-39.600	-4.500	0.293
-39.500	-4.500	0.283
-39.400	-4.500	0.284
-39.300	-4.500	0.277
-39.200	-4.500	0.283
-39.100	-4.500	0.282
-39.000	-4.500	0.294
-38.900	-4.500	0.298
-38.800	-4.500	0.375
-38.700	-4.500	0.377
-38.600	-4.500	0.398
-38.500	-4.500	0.392
-38.400	-4.500	0.406
-38.300	-4.500	0.390
-38.200	-4.500	0.396
-38.100	-4.500	0.371
-38.000	-4.500	0.367
-37.900	-4.500	0.286
-37.800	-4.500	0.273
-41.200	-4.600	0.055
-41.100	-4.600	0.058
-41.000	-4.600	0.070
-40.900	-4.600	0.075
-40.800	-4.600	0.095
-40.700	-4.600	0.103
-40.600	-4.600	0.134
-40.500	-4.600	0.144
-40.400	-4.600	0.187
-40.300	-4.600	0.198
-40.200	-4.600	0.257
-40.100	-4.600	0.260
-40.000	-4.600	0.277
-39.900	-4.600	0.274
-39.800	-4.600	0.285
-39.700	-4.600	0.277
-39.600	-4.600	0.284
-39.500	-4.600	0.273
-39.400	-4.600	0.277
-39.300	-4.600	0.269
-39.200	-4.600	0.278
-39.100	-4.600	0.278
-39.000	-4.600	0.357
-38.900	-4.600	0.298
-38.800	-4.600	0.389
-38.700	-4.600	0.382
-38.600	-4.600	0.496
-38.500	-4.600	0.397
-38.400	-4.600	0.508
-38.300	-4.600	0.397
-38.200	-4.600	0.494
-38.100	-4.600	0.377
-38.000	-4.600	0.382
-37.900	-4.600	0.288
-37.800	-4.600	0.277
-37.700	-4.600	0.209
-41.200	-4.700	0.053
-41.100	-4.700	0.056
-41.000	-4.700	0.068
-40.900	-4.700	0.073
-40.800	-4.700	0.078
-40.700	-4.700	0.097
-40.600	-4.700	0.104
-40.500	-4.700	0.135
-40.400	-4.700	0.144
-40.300	-4.700	0.181
-40.200	-4.700	0.193
-40.100	-4.700	0.199
-40.000	-4.700	0.207
-39.900	-4.700	0.209
-39.800	-4.700	0.257
-39.700	-4.700	0.212
-39.600	-4.700	0.256
-39.500	-4.700	0.211
-39.400	-4.700	0.253
-39.300	-4.700	0.210
-39.200	-4.700	0.257
-39.100	-4.700	0.261
-39.000	-4.700	0.275
-38.900	-4.700	0.282
-38.800	-4.700	0.355
-38.700	-4.700	0.357
-38.600	-4.700	0.379
-38.500	-4.700	0.373
-38.400	-4.700	0.387
-38.300	-4.700	0.372
-38.200	-4.700	0.377
-38.100	-4.700	0.300
-38.000	-4.700	0.294
-37.900	-4.700	0.274
-37.800	-4.700	0.261
-37.700	-4.700	0.202
-37.600	-4.700	0.187
-37.500	-4.700	0.146
-37.400	-4.700	0.135
-41.200	-4.800	0.052
-41.100	-4.800	0.056
-41.000	-4.800	0.057
-40.900	-4.800	0.070
-40.800	-4.800	0.074
-40.700	-4.800	0.079
-40.600	-4.800	0.098
-40.500	-4.800	0.104
-40.400	-4.800	0.134
-40.300	-4.800	0.141
-40.200	-4.800	0.179
-40.100	-4.800	0.184
-40.000	-4.800	0.193
-39.900	-4.800	0.194
-39.800	-4.800	0.199
-39.700	-4.800	0.198
-39.600	-4.800	0.199
-39.500	-4.800	0.197
-39.400	-4.800	0.199
-39.300	-4.800	0.200
-39.200	-4.800	0.206
-39.100	-4.800	0.211
-39.000	-4.800	0.270
-38.900	-4.800	0.275
-38.800	-4.800	0.358
-38.700	-4.800	0.296
-38.600	-4.800	0.384
-38.500	-4.800	0.368
-38.400	-4.800	0.393
-38.300	-4.800	0.368
-38.200	-4.800	0.382
-38.100	-4.800	0.295
-38.000	-4.800	0.354
-37.900	-4.800	0.270
-37.800	-4.800	0.259
-37.700	-4.800	0.198
-37.600	-4.800	0.185
-37.500	-4.800	0.144
-37.400	-4.800	0.135
-37.300	-4.800	0.110
-41.200	-4.900	0.051
-41.100	-4.900	0.053
-41.000	-4.900	0.056
-40.900	-4.900	0.059
-40.800	-4.900	0.071
-40.700	-4.900	0.074
-40.600	-4.900	0.078
-40.500	-4.900	0.097
-40.400	-4.900	0.103
-40.300	-4.900	0.130
-40.200	-4.900	0.137
-40.100	-4.900	0.141
-40.000	-4.900	0.145
-39.900	-4.900	0.148
-39.800	-4.900	0.150
-39.700	-4.900	0.151
-39.600	-4.900	0.182
-39.500	-4.900	0.152
-39.400	-4.900	0.183
-39.300	-4.900	0.185
-39.200	-4.900	0.192
-39.100	-4.900	0.197
-39.000	-4.900	0.207
-38.900	-4.900	0.255
-38.800	-4.900	0.270
-38.700	-4.900	0.275
-38.600	-4.900	0.289
-38.500	-4.900	0.288
-38.400	-4.900	0.295
-38.300	-4.900	0.287
-38.200	-4.900	0.288
-38.100	-4.900	0.275
-38.000	-4.900	0.270
-37.900	-4.900	0.212
-37.800	-4.900	0.203
-37.700	-4.900	0.190
-37.600	-4.900	0.151
-37.500	-4.900	0.142
-37.400	-4.900	0.135
-37.300	-4.900	0.111
-41.100	-5.000	0.052
-41.000	-5.000	0.054
-40.900	-5.000	0.057
-40.800	-5.000	0.059
-40.700	-5.000	0.071
-40.600	-5.000	0.074
-40.500	-5.000	0.078
-40.400	-5.000	0.097
-40.300	-5.000	0.100
-40.200	-5.000	0.103
-40.100	-5.000	0.108
-40.000	-5.000	0.133
-39.900	-5.000	0.135
-39.800	-5.000	0.138
-39.700	-5.000	0.139
-39.600	-5.000	0.140
-39.500	-5.000	0.141
-39.400	-5.000	0.143
-39.300	-5.000	0.146
-39.200	-5.000	0.150
-39.100	-5.000	0.186
-39.000	-5.000	0.196
-38.900	-5.000	0.203
-38.800	-5.000	0.260
-38.700	-5.000	0.263
-38.600	-5.000	0.278
-38.500	-5.000	0.275
-38.400	-5.000	0.286
-38.300	-5.000	0.275
-38.200	-5.000	0.280
-38.100	-5.000	0.265
-38.000	-5.000	0.263
-37.900	-5.000	0.206
-37.800	-5.000	0.199
-37.700	-5.000	0.187
-37.600	-5.000	0.151
-37.500	-5.000	0.143
-37.400	-5.000	0.137
-37.300	-5.000	0.114
-37.200	-5.000	0.110
-37.100	-5.000	0.109
-37.000	-5.000	0.108
-36.900	-5.000	0.109
-41.000	-5.100	0.052
-40.900	-5.100	0.055
-40.800	-5.100	0.057
-40.700	-5.100	0.059
-40.600	-5.100	0.071
-40.500	-5.100	0.074
-40.400	-5.100	0.077
-40.300	-5.100	0.079
-40.200	-5.100	0.097
-40.100	-5.100	0.100
-40.000	-5.100	0.102
-39.900	-5.100	0.104
-39.800	-5.100	0.106
-39.700	-5.100	0.107
-39.600	-5.100	0.108
-39.500	-5.100	0.110
-39.400	-5.100	0.132
-39.300	-5.100	0.136
-39.200	-5.100	0.140
-39.100	-5.100	0.146
-39.000	-5.100	0.152
-38.900	-5.100	0.188
-38.800	-5.100	0.198
-38.700	-5.100	0.203
-38.600	-5.100	0.211
-38.500	-5.100	0.212
-38.400	-5.100	0.259
-38.300	-5.100	0.214
-38.200	-5.100	0.256
-38.100	-5.100	0.209
-38.000	-5.100	0.206
-37.900	-5.100	0.198
-37.800	-5.100	0.193
-37.700	-5.100	0.184
-37.600	-5.100	0.152
-37.500	-5.100	0.146
-37.400	-5.100	0.142
-37.300	-5.100	0.136
-37.200	-5.100	0.115
-37.100	-5.100	0.113
-37.000	-5.100	0.113
-36.900	-5.100	0.113
-36.800	-5.100	0.134
-36.700	-5.100	0.140
-36.600	-5.100	0.148
-36.500	-5.100	0.185
-36.400	-5.100	0.199
-36.300	-5.100	0.209
-36.200	-5.100	0.267
-36.100	-5.100	0.273
-36.000	-5.100	0.287
-35.900	-5.100	0.285
-35.800	-5.100	0.293
-40.900	-5.200	0.053
-40.800	-5.200	0.055
-40.700	-5.200	0.057
-40.600	-5.200	0.059
-40.500	-5.200	0.069
-40.400	-5.200	0.072
-40.300	-5.200	0.075
-40.200	-5.200	0.077
-40.100	-5.200	0.079
-40.000	-5.200	0.095
-39.900	-5.200	0.098
-39.800	-5.200	0.099
-39.700	-5.200	0.101
-39.600	-5.200	0.102
-39.500	-5.200	0.104
-39.400	-5.200	0.106
-39.300	-5.200	0.109
-39.200	-5.200	0.110
-39.100	-5.200	0.136
-39.000	-5.200	0.143
-38.900	-5.200	0.148
-38.800	-5.200	0.185
-38.700	-5.200	0.190
-38.600	-5.200	0.198
-38.500	-5.200	0.199
-38.400	-5.200	0.204
-38.300	-5.200	0.204
-38.200	-5.200	0.206
-38.100	-5.200	0.202
-38.000	-5.200	0.201
-37.900	-5.200	0.196
-37.800	-5.200	0.194
-37.700	-5.200	0.188
-37.600	-5.200	0.185
-37.500	-5.200	0.152
-37.400	-5.200	0.149
-37.300	-5.200	0.146
-37.200	-5.200	0.142
-37.100	-5.200	0.139
-37.000	-5.200	0.138
-36.900	-5.200	0.139
-36.800	-5.200	0.142
-36.700	-5.200	0.147
-36.600	-5.200	0.186
-36.500	-5.200	0.198
-36.400	-5.200	0.258
-36.300	-5.200	0.269
-36.200	-5.200	0.353
-36.100	-5.200	0.293
-36.000	-5.200	0.381
-35.900	-5.200	0.367
-35.800	-5.200	0.392
-35.700	-5.200	0.367
-35.600	-5.200	0.381
-35.500	-5.200	0.293
-40.900	-5.300	0.050
-40.800	-5.300	0.053
-40.700	-5.300	0.055
-40.600	-5.300	0.056
-40.500	-5.300	0.058
-40.400	-5.300	0.060
-40.300	-5.300	0.070
-40.200	-5.300	0.072
-40.100	-5.300	0.074
-40.000	-5.300	0.076
-39.900	-5.300	0.078
-39.800	-5.300	0.079
-39.700	-5.300	0.080
-39.600	-5.300	0.082
-39.500	-5.300	0.098
-39.400	-5.300	0.100
-39.300	-5.300	0.103
-39.200	-5.300	0.106
-39.100	-5.300	0.110
-39.000	-5.300	0.133
-38.900	-5.300	0.139
-38.800	-5.300	0.145
-38.700	-5.300	0.149
-38.600	-5.300	0.183
-38.500	-5.300	0.187
-38.400	-5.300	0.193
-38.300	-5.300	0.194
-38.200	-5.300	0.198
-38.100	-5.300	0.197
-38.000	-5.300	0.200
-37.900	-5.300	0.198
-37.800	-5.300	0.200
-37.700	-5.300	0.196
-37.600	-5.300	0.196
-37.500	-5.300	0.191
-37.400	-5.300	0.188
-37.300	-5.300	0.156
-37.200	-5.300	0.153
-37.100	-5.300	0.149
-37.000	-5.300	0.147
-36.900	-5.300	0.146
-36.800	-5.300	0.149
-36.700	-5.300	0.154
-36.600	-5.300	0.193
-36.500	-5.300	0.204
-36.400	-5.300	0.263
-36.300	-5.300	0.274
-36.200	-5.300	0.294
-36.100	-5.300	0.299
-36.000	-5.300	0.376
-35.900	-5.300	0.371
-35.800	-5.300	0.387
-35.700	-5.300	0.371
-35.600	-5.300	0.376
-35.500	-5.300	0.299
-35.400	-5.300	0.293
-40.900	-5.400	0.043
-40.800	-5.400	0.050
-40.700	-5.400	0.052
-40.600	-5.400	0.054
-40.500	-5.400	0.056
-40.400	-5.400	0.057
-40.300	-5.400	0.059
-40.200	-5.400	0.060
-40.100	-5.400	0.071
-40.000	-5.400	0.072
-39.900	-5.400	0.073
-39.800	-5.400	0.075
-39.700	-5.400	0.077
-39.600	-5.400	0.078
-39.500	-5.400	0.079
-39.400	-5.400	0.081
-39.300	-5.400	0.097
-39.200	-5.400	0.100
-39.100	-5.400	0.105
-39.000	-5.400	0.109
-38.900	-5.400	0.112
-38.800	-5.400	0.136
-38.700	-5.400	0.143
-38.600	-5.400	0.147
-38.500	-5.400	0.152
-38.400	-5.400	0.187
-38.300	-5.400	0.192
-38.200	-5.400	0.199
-38.100	-5.400	0.202
-38.000	-5.400	0.207
-37.900	-5.400	0.209
-37.800	-5.400	0.255
-37.700	-5.400	0.211
-37.600	-5.400	0.255
-37.500	-5.400	0.209
-37.400	-5.400	0.207
-37.300	-5.400	0.200
-37.200	-5.400	0.196
-37.100	-5.400	0.189
-37.000	-5.400	0.185
-36.900	-5.400	0.155
-36.800	-5.400	0.185
-36.700	-5.400	0.191
-36.600	-5.400	0.202
-36.500	-5.400	0.254
-36.400	-5.400	0.280
-36.300	-5.400	0.289
-36.200	-5.400	0.383
-36.100	-5.400	0.378
-36.000	-5.400	0.494
-35.900	-5.400	0.396
-35.800	-5.400	0.507
-35.700	-5.400	0.396
-35.600	-5.400	0.493
-35.500	-5.400	0.377
-35.400	-5.400	0.382
-40.900	-5.500	0.041
-40.800	-5.500	0.043
-40.700	-5.500	0.044
-40.600	-5.500	0.052
-40.500	-5.500	0.053
-40.400	-5.500	0.055
-40.300	-5.500	0.057
-40.200	-5.500	0.058
-40.100	-5.500	0.059
-40.000	-5.500	0.061
-39.900	-5.500	0.069
-39.800	-5.500	0.072
-39.700	-5.500	0.073
-39.600	-5.500	0.075
-39.500	-5.500	0.076
-39.400	-5.500	0.079
-39.300	-5.500	0.081
-39.200	-5.500	0.083
-39.100	-5.500	0.100
-39.000	-5.500	0.104
-38.900	-5.500	0.109
-38.800	-5.500	0.114
-38.700	-5.500	0.137
-38.600	-5.500	0.144
-38.500	-5.500	0.150
-38.400	-5.500	0.185
-38.300	-5.500	0.193
-38.200	-5.500	0.203
-38.100	-5.500	0.209
-38.000	-5.500	0.258
-37.900	-5.500	0.261
-37.800	-5.500	0.272
-37.700	-5.500	0.270
-37.600	-5.500	0.275
-37.500	-5.500	0.268
-37.400	-5.500	0.268
-37.300	-5.500	0.217
-37.200	-5.500	0.212
-37.100	-5.500	0.204
-37.000	-5.500	0.199
-36.900	-5.500	0.193
-36.800	-5.500	0.194
-36.700	-5.500	0.197
-36.600	-5.500	0.206
-36.500	-5.500	0.255
-36.400	-5.500	0.277
-36.300	-5.500	0.287
-36.200	-5.500	0.367
-36.100	-5.500	0.372
-36.000	-5.500	0.395
-35.900	-5.500	0.390
-35.800	-5.500	0.405
-35.700	-5.500	0.390
-35.600	-5.500	0.395
-35.500	-5.500	0.371
-35.400	-5.500	0.367
-35.300	-5.500	0.285
-40.900	-5.600	0.040
-40.800	-5.600	0.041
-40.700	-5.600	0.043
-40.600	-5.600	0.043
-40.500	-5.600	0.051
-40.400	-5.600	0.052
-40.300	-5.600	0.054
-40.200	-5.600	0.055
-40.100	-5.600	0.057
-40.000	-5.600	0.058
-39.900	-5.600	0.060
-39.800	-5.600	0.061
-39.700	-5.600	0.063
-39.600	-5.600	0.072
-39.500	-5.600	0.074
-39.400	-5.600	0.076
-39.300	-5.600	0.079
-39.200	-5.600	0.081
-39.100	-5.600	0.084
-39.000	-5.600	0.101
-38.900	-5.600	0.106
-38.800	-5.600	0.111
-38.700	-5.600	0.135
-38.600	-5.600	0.144
-38.500	-5.600	0.152
-38.400	-5.600	0.191
-38.300	-5.600	0.202
-38.200	-5.600	0.259
-38.100	-5.600	0.265
-38.000	-5.600	0.286
-37.900	-5.600	0.288
-37.800	-5.600	0.366
-37.700	-5.600	0.299
-37.600	-5.600	0.374
-37.500	-5.600	0.298
-37.400	-5.600	0.365
-37.300	-5.600	0.285
-37.200	-5.600	0.283
-37.100	-5.600	0.264
-37.000	-5.600	0.260
-36.900	-5.600	0.208
-36.800	-5.600	0.206
-36.700	-5.600	0.206
-36.600	-5.600	0.257
-36.500	-5.600	0.266
-36.400	-5.600	0.349
-36.300	-5.600	0.297
-36.200	-5.600	0.393
-36.100	-5.600	0.388
-36.000	-5.600	0.507
-35.900	-5.600	0.406
-35.800	-5.600	0.521
-35.700	-5.600	0.405
-35.600	-5.600	0.507
-35.500	-5.600	0.387
-35.400	-5.600	0.392
-35.300	-5.600	0.294
-40.900	-5.700	0.039
-40.800	-5.700	0.040
-40.700	-5.700	0.040
-40.600	-5.700	0.042
-40.500	-5.700	0.043
-40.400	-5.700	0.045
-40.300	-5.700	0.052
-40.200	-5.700	0.053
-40.100	-5.700	0.055
-40.000	-5.700	0.057
-39.900	-5.700	0.058
-39.800	-5.700	0.059
-39.700	-5.700	0.061
-39.600	-5.700	0.062
-39.500	-5.700	0.071
-39.400	-5.700	0.074
-39.300	-5.700	0.077
-39.200	-5.700	0.079
-39.100	-5.700	0.082
-39.000	-5.700	0.100
-38.900	-5.700	0.105
-38.800	-5.700	0.111
-38.700	-5.700	0.136
-38.600	-5.700	0.146
-38.500	-5.700	0.156
-38.400	-5.700	0.198
-38.300	-5.700	0.211
-38.200	-5.700	0.270
-38.100	-5.700	0.281
-38.000	-5.700	0.300
-37.900	-5.700	0.305
-37.800	-5.700	0.381
-37.700	-5.700	0.374
-37.600	-5.700	0.389
-37.500	-5.700	0.373
-37.400	-5.700	0.379
-37.300	-5.700	0.305
-37.200	-5.700	0.299
-37.100	-5.700	0.282
-37.000	-5.700	0.274
-36.900	-5.700	0.257
-36.800	-5.700	0.213
-36.700	-5.700	0.210
-36.600	-5.700	0.255
-36.500	-5.700	0.262
-36.400	-5.700	0.280
-36.300	-5.700	0.289
-36.200	-5.700	0.369
-36.100	-5.700	0.373
-36.000	-5.700	0.396
-35.900	-5.700	0.390
-35.800	-5.700	0.405
-35.700	-5.700	0.390
-35.600	-5.700	0.395
-35.500	-5.700	0.371
-35.400	-5.700	0.367
-35.300	-5.700	0.285
-35.200	-5.700	0.273
-40.900	-5.800	0.038
-40.800	-5.800	0.038
-40.700	-5.800	0.039
-40.600	-5.800	0.041
-40.500	-5.800	0.042
-40.400	-5.800	0.043
-40.300	-5.800	0.044
-40.200	-5.800	0.051
-40.100	-5.800	0.052
-40.000	-5.800	0.054
-39.900	-5.800	0.056
-39.800	-5.800	0.058
-39.700	-5.800	0.059
-39.600	-5.800	0.061
-39.500	-5.800	0.063
-39.400	-5.800	0.072
-39.300	-5.800	0.075
-39.200	-5.800	0.079
-39.100	-5.800	0.082
-39.000	-5.800	0.099
-38.900	-5.800	0.106
-38.800	-5.800	0.111
-38.700	-5.800	0.139
-38.600	-5.800	0.151
-38.500	-5.800	0.193
-38.400	-5.800	0.253
-38.300	-5.800	0.268
-38.200	-5.800	0.357
-38.100	-5.800	0.362
-38.000	-5.800	0.404
-37.900	-5.800	0.397
-37.800	-5.800	0.519
-37.700	-5.800	0.416
-37.600	-5.800	0.533
-37.500	-5.800	0.416
-37.400	-5.800	0.519
-37.300	-5.800	0.398
-37.200	-5.800	0.404
-37.100	-5.800	0.364
-37.000	-5.800	0.362
-36.900	-5.800	0.278
-36.800	-5.800	0.272
-36.700	-5.800	0.260
-36.600	-5.800	0.265
-36.500	-5.800	0.268
-36.400	-5.800	0.287
-36.300	-5.800	0.293
-36.200	-5.800	0.384
-36.100	-5.800	0.379
-36.000	-5.800	0.494
-35.900	-5.800	0.397
-35.800	-5.800	0.507
-35.700	-5.800	0.396
-35.600	-5.800	0.493
-35.500	-5.800	0.377
-35.400	-5.800	0.382
-35.300	-5.800	0.287
-35.200	-5.800	0.277
-40.800	-5.900	0.038
-40.700	-5.900	0.038
-40.600	-5.900	0.039
-40.500	-5.900	0.041
-40.400	-5.900	0.042
-40.300	-5.900	0.042
-40.200	-5.900	0.044
-40.100	-5.900	0.051
-40.000	-5.900	0.052
-39.900	-5.900	0.055
-39.800	-5.900	0.055
-39.700	-5.900	0.057
-39.600	-5.900	0.059
-39.500	-5.900	0.061
-39.400	-5.900	0.072
-39.300	-5.900	0.075
-39.200	-5.900	0.078
-39.100	-5.900	0.081
-39.000	-5.900	0.099
-38.900	-5.900	0.106
-38.800	-5.900	0.113
-38.700	-5.900	0.142
-38.600	-5.900	0.184
-38.500	-5.900	0.200
-38.400	-5.900	0.261
-38.300	-5.900	0.280
-38.200	-5.900	0.361
-38.100	-5.900	0.375
-38.000	-5.900	0.407
-37.900	-5.900	0.411
-37.800	-5.900	0.510
-37.700	-5.900	0.430
-37.600	-5.900	0.522
-37.500	-5.900	0.430
-37.400	-5.900	0.510
-37.300	-5.900	0.411
-37.200	-5.900	0.408
-37.100	-5.900	0.377
-37.000	-5.900	0.366
-36.900	-5.900	0.287
-36.800	-5.900	0.276
-36.700	-5.900	0.262
-36.600	-5.900	0.261
-36.500	-5.900	0.261
-36.400	-5.900	0.273
-36.300	-5.900	0.280
-36.200	-5.900	0.296
-36.100	-5.900	0.301
-36.000	-5.900	0.378
-35.900	-5.900	0.372
-35.800	-5.900	0.386
-35.700	-5.900	0.372
-35.600	-5.900	0.377
-35.500	-5.900	0.299
-35.400	-5.900	0.293
-35.300	-5.900	0.273
-35.200	-5.900	0.260
-40.800	-6.000	0.032
-40.700	-6.000	0.037
-40.600	-6.000	0.038
-40.500	-6.000	0.039
-40.400	-6.000	0.041
-40.300	-6.000	0.042
-40.200	-6.000	0.042
-40.100	-6.000	0.044
-40.000	-6.000	0.045
-39.900	-6.000	0.052
-39.800	-6.000	0.054
-39.700	-6.000	0.056
-39.600	-6.000	0.059
-39.500	-6.000	0.061
-39.400	-6.000	0.063
-39.300	-6.000	0.074
-39.200	-6.000	0.077
-39.100	-6.000	0.081
-39.000	-6.000	0.099
-38.900	-6.000	0.107
-38.800	-6.000	0.135
-38.700	-6.000	0.147
-38.600	-6.000	0.193
-38.500	-6.000	0.211
-38.400	-6.000	0.282
-38.300	-6.000	0.300
-38.200	-6.000	0.404
-38.100	-6.000	0.408
-38.000	-6.000	0.547
-37.900	-6.000	0.523
-37.800	-6.000	0.590
-37.700	-6.000	0.549
-37.600	-6.000	0.604
-37.500	-6.000	0.549
-37.400	-6.000	0.590
-37.300	-6.000	0.524
-37.200	-6.000	0.548
-37.100	-6.000	0.409
-37.000	-6.000	0.407
-36.900	-6.000	0.361
-36.800	-6.000	0.354
-36.700	-6.000	0.272
-36.600	-6.000	0.269
-36.500	-6.000	0.263
-36.400	-6.000	0.274
-36.300	-6.000	0.277
-36.200	-6.000	0.357
-36.100	-6.000	0.296
-36.000	-6.000	0.383
-35.900	-6.000	0.367
-35.800	-6.000	0.392
-35.700	-6.000	0.368
-35.600	-6.000	0.382
-35.500	-6.000	0.293
-35.400	-6.000	0.353
-35.300	-6.000	0.268
-35.200	-6.000	0.257
-40.800	-6.100	0.031
-40.700	-6.100	0.032
-40.600	-6.100	0.037
-40.500	-6.100	0.038
-40.400	-6.100	0.039
-40.300	-6.100	0.041
-40.200	-6.100	0.042
-40.100	-6.100	0.043
-40.000	-6.100	0.045
-39.900	-6.100	0.052
-39.800	-6.100	0.053
-39.700	-6.100	0.056
-39.600	-6.100	0.057
-39.500	-6.100	0.060
-39.400	-6.100	0.063
-39.300	-6.100	0.073
-39.200	-6.100	0.077
-39.100	-6.100	0.081
-39.000	-6.100	0.100
-38.900	-6.100	0.108
-38.800	-6.100	0.137
-38.700	-6.100	0.151
-38.600	-6.100	0.197
-38.500	-6.100	0.215
-38.400	-6.100	0.285
-38.300	-6.100	0.304
-38.200	-6.100	0.397
-38.100	-6.100	0.411
-38.000	-6.100	0.522
-37.900	-6.100	0.523
-37.800	-6.100	0.562
-37.700	-6.100	0.548
-37.600	-6.100	0.576
-37.500	-6.100	0.548
-37.400	-6.100	0.562
-37.300	-6.100	0.522
-37.200	-6.100	0.523
-37.100	-6.100	0.413
-37.000	-6.100	0.400
-36.900	-6.100	0.362
-36.800	-6.100	0.294
-36.700	-6.100	0.272
-36.600	-6.100	0.263
-36.500	-6.100	0.215
-36.400	-6.100	0.258
-36.300	-6.100	0.260
-36.200	-6.100	0.273
-36.100	-6.100	0.276
-36.000	-6.100	0.288
-35.900	-6.100	0.287
-35.800	-6.100	0.294
-35.700	-6.100	0.286
-35.600	-6.100	0.287
-35.500	-6.100	0.273
-35.400	-6.100	0.267
-35.300	-6.100	0.208
-35.200	-6.100	0.197
-35.100	-6.100	0.182
-40.800	-6.200	0.031
-40.700	-6.200	0.032
-40.600	-6.200	0.032
-40.500	-6.200	0.037
-40.400	-6.200	0.039
-40.300	-6.200	0.039
-40.200	-6.200	0.040
-40.100	-6.200	0.042
-40.000	-6.200	0.043
-39.900	-6.200	0.045
-39.800	-6.200	0.052
-39.700	-6.200	0.055
-39.600	-6.200	0.057
-39.500	-6.200	0.060
-39.400	-6.200	0.062
-39.300	-6.200	0.073
-39.200	-6.200	0.077
-39.100	-6.200	0.081
-39.000	-6.200	0.101
-38.900	-6.200	0.109
-38.800	-6.200	0.139
-38.700	-6.200	0.154
-38.600	-6.200	0.204
-38.500	-6.200	0.267
-38.400	-6.200	0.366
-38.300	-6.200	0.381
-38.200	-6.200	0.520
-38.100	-6.200	0.511
-38.000	-6.200	0.590
-37.900	-6.200	0.564
-37.800	-6.200	0.752
-37.700	-6.200	0.590
-37.600	-6.200	0.772
-37.500	-6.200	0.590
-37.400	-6.200	0.752
-37.300	-6.200	0.564
-37.200	-6.200	0.591
-37.100	-6.200	0.513
-37.000	-6.200	0.522
-36.900	-6.200	0.385
-36.800	-6.200	0.373
-36.700	-6.200	0.281
-36.600	-6.200	0.270
-36.500	-6.200	0.214
-36.400	-6.200	0.255
-36.300	-6.200	0.212
-36.200	-6.200	0.265
-36.100	-6.200	0.264
-36.000	-6.200	0.279
-35.900	-6.200	0.274
-35.800	-6.200	0.284
-35.700	-6.200	0.273
-35.600	-6.200	0.276
-35.500	-6.200	0.260
-35.400	-6.200	0.256
-35.300	-6.200	0.198
-35.200	-6.200	0.187
-35.100	-6.200	0.144
-40.700	-6.300	0.031
-40.600	-6.300	0.032
-40.500	-6.300	0.032
-40.400	-6.300	0.037
-40.300	-6.300	0.039
-40.200	-6.300	0.040
-40.100	-6.300	0.041
-40.000	-6.300	0.043
-39.900	-6.300	0.044
-39.800	-6.300	0.052
-39.700	-6.300	0.054
-39.600	-6.300	0.056
-39.500	-6.300	0.059
-39.400	-6.300	0.061
-39.300	-6.300	0.072
-39.200	-6.300	0.076
-39.100	-6.300	0.081
-39.000	-6.300	0.101
-38.900	-6.300	0.110
-38.800	-6.300	0.140
-38.700	-6.300	0.182
-38.600	-6.300	0.205
-38.500	-6.300	0.266
-38.400	-6.300	0.298
-38.300	-6.300	0.374
-38.200	-6.300	0.416
-38.100	-6.300	0.430
-38.000	-6.300	0.548
-37.900	-6.300	0.548
-37.800	-6.300	0.589
-37.700	-6.300	0.574
-37.600	-6.300	0.603
-37.500	-6.300	0.575
-37.400	-6.300	0.589
-37.300	-6.300	0.548
-37.200	-6.300	0.549
-37.100	-6.300	0.432
-37.000	-6.300	0.417
-36.900	-6.300	0.378
-36.800	-6.300	0.303
-36.700	-6.300	0.277
-36.600	-6.300	0.260
-36.500	-6.300	0.208
-36.400	-6.300	0.202
-36.300	-6.300	0.200
-36.200	-6.300	0.203
-36.100	-6.300	0.205
-36.000	-6.300	0.210
-35.900	-6.300	0.210
-35.800	-6.300	0.255
-35.700	-6.300	0.208
-35.600	-6.300	0.207
-35.500	-6.300	0.199
-35.400	-6.300	0.194
-35.300	-6.300	0.182
-35.200	-6.300	0.144
-35.100	-6.300	0.134
-40.800	-6.400	0.029
-40.700	-6.400	0.030
-40.600	-6.400	0.031
-40.500	-6.400	0.031
-40.400	-6.400	0.033
-40.300	-6.400	0.038
-40.200	-6.400	0.039
-40.100	-6.400	0.041
-40.000	-6.400	0.042
-39.900	-6.400	0.043
-39.800	-6.400	0.045
-39.700	-6.400	0.053
-39.600	-6.400	0.056
-39.500	-6.400	0.058
-39.400	-6.400	0.061
-39.300	-6.400	0.072
-39.200	-6.400	0.076
-39.100	-6.400	0.081
-39.000	-6.400	0.101
-38.900	-6.400	0.110
-38.800	-6.400	0.141
-38.700	-6.400	0.185
-38.600	-6.400	0.208
-38.500	-6.400	0.274
-38.400	-6.400	0.374
-38.300	-6.400	0.391
-38.200	-6.400	0.534
-38.100	-6.400	0.525
-38.000	-6.400	0.605
-37.900	-6.400	0.577
-37.800	-6.400	0.772
-37.700	-6.400	0.605
-37.600	-6.400	0.791
-37.500	-6.400	0.605
-37.400	-6.400	0.771
-37.300	-6.400	0.577
-37.200	-6.400	0.605
-37.100	-6.400	0.525
-37.000	-6.400	0.535
-36.900	-6.400	0.393
-36.800	-6.400	0.379
-36.700	-6.400	0.281
-36.600	-6.400	0.264
-36.500	-6.400	0.204
-36.400	-6.400	0.197
-36.300	-6.400	0.191
-36.200	-6.400	0.192
-36.100	-6.400	0.192
-36.000	-6.400	0.196
-35.900	-6.400	0.196
-35.800	-6.400	0.198
-35.700	-6.400	0.194
-35.600	-6.400	0.192
-35.500	-6.400	0.185
-35.400	-6.400	0.179
-35.300	-6.400	0.142
-35.200	-6.400	0.134
-35.100	-6.400	0.104
-35.000	-6.400	0.098
-40.700	-6.500	0.029
-40.600	-6.500	0.030
-40.500	-6.500	0.031
-40.400	-6.500	0.032
-40.300	-6.500	0.037
-40.200	-6.500	0.039
-40.100	-6.500	0.040
-40.000	-6.500	0.041
-39.900	-6.500	0.042
-39.800	-6.500	0.045
-39.700	-6.500	0.052
-39.600	-6.500	0.055
-39.500	-6.500	0.058
-39.400	-6.500	0.060
-39.300	-6.500	0.071
-39.200	-6.500	0.076
-39.100	-6.500	0.080
-39.000	-6.500	0.100
-38.900	-6.500	0.109
-38.800	-6.500	0.140
-38.700	-6.500	0.155
-38.600	-6.500	0.204
-38.500	-6.500	0.266
-38.400	-6.500	0.297
-38.300	-6.500	0.374
-38.200	-6.500	0.416
-38.100	-6.500	0.430
-38.000	-6.500	0.548
-37.900	-6.500	0.548
-37.800	-6.500	0.589
-37.700	-6.500	0.574
-37.600	-6.500	0.603
-37.500	-6.500	0.574
-37.400	-6.500	0.589
-37.300	-6.500	0.548
-37.200	-6.500	0.548
-37.100	-6.500	0.431
-37.000	-6.500	0.417
-36.900	-6.500	0.376
-36.800	-6.500	0.300
-36.700	-6.500	0.272
-36.600	-6.500	0.213
-36.500	-6.500	0.197
-36.400	-6.500	0.187
-36.300	-6.500	0.153
-36.200	-6.500	0.151
-36.100	-6.500	0.150
-36.000	-6.500	0.150
-35.900	-6.500	0.150
-35.800	-6.500	0.150
-35.700	-6.500	0.147
-35.600	-6.500	0.146
-35.500	-6.500	0.141
-35.400	-6.500	0.136
-35.300	-6.500	0.129
-35.200	-6.500	0.103
-35.100	-6.500	0.098
-35.000	-6.500	0.078
-40.700	-6.600	0.028
-40.600	-6.600	0.029
-40.500	-6.600	0.031
-40.400	-6.600	0.032
-40.300	-6.600	0.032
-40.200	-6.600	0.037
-40.100	-6.600	0.039
-40.000	-6.600	0.041
-39.900	-6.600	0.042
-39.800	-6.600	0.044
-39.700	-6.600	0.052
-39.600	-6.600	0.054
-39.500	-6.600	0.057
-39.400	-6.600	0.059
-39.300	-6.600	0.071
-39.200	-6.600	0.075
-39.100	-6.600	0.080
-39.000	-6.600	0.100
-38.900	-6.600	0.108
-38.800	-6.600	0.139
-38.700	-6.600	0.153
-38.600	-6.600	0.204
-38.500	-6.600	0.267
-38.400	-6.600	0.365
-38.300	-6.600	0.380
-38.200	-6.600	0.520
-38.100	-6.600	0.511
-38.000	-6.600	0.589
-37.900	-6.600	0.564
-37.800	-6.600	0.752
-37.700	-6.600	0.590
-37.600	-6.600	0.772
-37.500	-6.600	0.590
-37.400	-6.600	0.752
-37.300	-6.600	0.564
-37.200	-6.600	0.590
-37.100	-6.600	0.512
-37.000	-6.600	0.521
-36.900	-6.600	0.382
-36.800	-6.600	0.368
-36.700	-6.600	0.271
-36.600	-6.600	0.252
-36.500	-6.600	0.192
-36.400	-6.600	0.153
-36.300	-6.600	0.146
-36.200	-6.600	0.142
-36.100	-6.600	0.140
-36.000	-6.600	0.139
-35.900	-6.600	0.138
-35.800	-6.600	0.137
-35.700	-6.600	0.135
-35.600	-6.600	0.133
-35.500	-6.600	0.108
-35.400	-6.600	0.103
-35.300	-6.600	0.100
-35.200	-6.600	0.097
-35.100	-6.600	0.078
-35.000	-6.600	0.074
-40.600	-6.700	0.029
-40.500	-6.700	0.030
-40.400	-6.700	0.031
-40.300	-6.700	0.031
-40.200	-6.700	0.036
-40.100	-6.700	0.039
-40.000	-6.700	0.040
-39.900	-6.700	0.041
-39.800	-6.700	0.043
-39.700	-6.700	0.045
-39.600	-6.700	0.053
-39.500	-6.700	0.056
-39.400	-6.700	0.059
-39.300	-6.700	0.062
-39.200	-6.700	0.074
-39.100	-6.700	0.078
-39.000	-6.700	0.097
-38.900	-6.700	0.107
-38.800	-6.700	0.135
-38.700	-6.700	0.150
-38.600	-6.700	0.196
-38.500	-6.700	0.215
-38.400	-6.700	0.284
-38.300	-6.700	0.305
-38.200	-6.700	0.396
-38.100	-6.700	0.411
-38.000	-6.700	0.522
-37.900	-6.700	0.522
-37.800	-6.700	0.562
-37.700	-6.700	0.548
-37.600	-6.700	0.576
-37.500	-6.700	0.548
-37.400	-6.700	0.562
-37.300	-6.700	0.522
-37.200	-6.700	0.522
-37.100	-6.700	0.411
-37.000	-6.700	0.397
-36.900	-6.700	0.305
-36.800	-6.700	0.286
-36.700	-6.700	0.257
-36.600	-6.700	0.201
-36.500	-6.700	0.156
-36.400	-6.700	0.146
-36.300	-6.700	0.138
-36.200	-6.700	0.134
-36.100	-6.700	0.110
-36.000	-6.700	0.109
-35.900	-6.700	0.107
-35.800	-6.700	0.106
-35.700	-6.700	0.104
-35.600	-6.700	0.102
-35.500	-6.700	0.101
-35.400	-6.700	0.097
-35.300	-6.700	0.079
-35.200	-6.700	0.077
-35.100	-6.700	0.074
-35.000	-6.700	0.071
-40.400	-6.800	0.031
-40.300	-6.800	0.032
-40.200	-6.800	0.032
-40.100	-6.800	0.038
-40.000	-6.800	0.039
-39.900	-6.800	0.040
-39.800	-6.800	0.043
-39.700	-6.800	0.045
-39.600	-6.800	0.053
-39.500	-6.800	0.055
-39.400	-6.800	0.058
-39.300	-6.800	0.061
-39.200	-6.800	0.073
-39.100	-6.800	0.077
-39.000	-6.800	0.082
-38.900	-6.800	0.104
-38.800	-6.800	0.110
-38.700	-6.800	0.145
-38.600	-6.800	0.191
-38.500	-6.800	0.209
-38.400	-6.800	0.281
-38.300	-6.800	0.299
-38.200	-6.800	0.404
-38.100	-6.800	0.408
-38.000	-6.800	0.547
-37.900	-6.800	0.523
-37.800	-6.800	0.589
-37.700	-6.800	0.549
-37.600	-6.800	0.604
-37.500	-6.800	0.549
-37.400	-6.800	0.589
-37.300	-6.800	0.523
-37.200	-6.800	0.546
-37.100	-6.800	0.408
-37.000	-6.800	0.404
-36.900	-6.800	0.300
-36.800	-6.800	0.282
-36.700	-6.800	0.212
-36.600	-6.800	0.194
-36.500	-6.800	0.151
-36.400	-6.800	0.140
-36.300	-6.800	0.113
-36.200	-6.800	0.109
-36.100	-6.800	0.106
-36.000	-6.800	0.104
-35.900	-6.800	0.101
-35.800	-6.800	0.099
-35.700	-6.800	0.098
-35.600	-6.800	0.095
-35.500	-6.800	0.079
-35.400	-6.800	0.077
-35.300	-6.800	0.074
-35.200	-6.800	0.072
-35.100	-6.800	0.069
-35.000	-6.800	0.059
-40.400	-6.900	0.030
-40.300	-6.900	0.031
-40.200	-6.900	0.031
-40.100	-6.900	0.037
-40.000	-6.900	0.039
-39.900	-6.900	0.040
-39.800	-6.900	0.042
-39.700	-6.900	0.044
-39.600	-6.900	0.052
-39.500	-6.900	0.055
-39.400	-6.900	0.057
-39.300	-6.900	0.060
-39.200	-6.900	0.071
-39.100	-6.900	0.076
-39.000	-6.900	0.080
-38.900	-6.900	0.100
-38.800	-6.900	0.108
-38.700	-6.900	0.139
-38.600	-6.900	0.153
-38.500	-6.900	0.198
-38.400	-6.900	0.259
-38.300	-6.900	0.278
-38.200	-6.900	0.360
-38.100	-6.900	0.374
-38.000	-6.900	0.406
-37.900	-6.900	0.410
-37.800	-6.900	0.510
-37.700	-6.900	0.429
-37.600	-6.900	0.523
-37.500	-6.900	0.429
-37.400	-6.900	0.510
-37.300	-6.900	0.411
-37.200	-6.900	0.406
-37.100	-6.900	0.374
-37.000	-6.900	0.360
-36.900	-6.900	0.279
-36.800	-6.900	0.260
-36.700	-6.900	0.200
-36.600	-6.900	0.183
-36.500	-6.900	0.143
-36.400	-6.900	0.113
-36.300	-6.900	0.109
-36.200	-6.900	0.105
-36.100	-6.900	0.100
-36.000	-6.900	0.097
-35.900	-6.900	0.082
-35.800	-6.900	0.081
-35.700	-6.900	0.079
-35.600	-6.900	0.076
-35.500	-6.900	0.075
-35.400	-6.900	0.072
-35.300	-6.900	0.071
-35.200	-6.900	0.061
-35.100	-6.900	0.058
-35.000	-6.900	0.056
-34.900	-6.900	0.055
-40.400	-7.000	0.029
-40.300	-7.000	0.031
-40.200	-7.000	0.032
-40.100	-7.000	0.032
-40.000	-7.000	0.038
-39.900	-7.000	0.039
-39.800	-7.000	0.041
-39.700	-7.000	0.043
-39.600	-7.000	0.045
-39.500	-7.000	0.053
-39.400	-7.000	0.057
-39.300	-7.000	0.059
-39.200	-7.000	0.062
-39.100	-7.000	0.074
-39.000	-7.000	0.078
-38.900	-7.000	0.097
-38.800	-7.000	0.105
-38.700	-7.000	0.133
-38.600	-7.000	0.146
-38.500	-7.000	0.189
-38.400	-7.000	0.207
-38.300	-7.000	0.266
-38.200	-7.000	0.355
-38.100	-7.000	0.361
-38.000	-7.000	0.402
-37.900	-7.000	0.397
-37.800	-7.000	0.518
-37.700	-7.000	0.415
-37.600	-7.000	0.532
-37.500	-7.000	0.416
-37.400	-7.000	0.518
-37.300	-7.000	0.397
-37.200	-7.000	0.402
-37.100	-7.000	0.360
-37.000	-7.000	0.355
-36.900	-7.000	0.266
-36.800	-7.000	0.208
-36.700	-7.000	0.190
-36.600	-7.000	0.148
-36.500	-7.000	0.137
-36.400	-7.000	0.109
-36.300	-7.000	0.104
-36.200	-7.000	0.099
-36.100	-7.000	0.083
-36.000	-7.000	0.080
-35.900	-7.000	0.078
-35.800	-7.000	0.076
-35.700	-7.000	0.074
-35.600	-7.000	0.073
-35.500	-7.000	0.071
-35.400	-7.000	0.061
-35.300	-7.000	0.059
-35.200	-7.000	0.057
-35.100	-7.000	0.056
-35.000	-7.000	0.054
-34.900	-7.000	0.052
-40.400	-7.100	0.028
-40.300	-7.100	0.030
-40.200	-7.100	0.031
-40.100	-7.100	0.032
-40.000	-7.100	0.037
-39.900	-7.100	0.039
-39.800	-7.100	0.041
-39.700	-7.100	0.043
-39.600	-7.100	0.044
-39.500	-7.100	0.052
-39.400	-7.100	0.055
-39.300	-7.100	0.058
-39.200	-7.100	0.061
-39.100	-7.100	0.072
-39.000	-7.100	0.076
-38.900	-7.100	0.081
-38.800	-7.100	0.100
-38.700	-7.100	0.108
-38.600	-7.100	0.137
-38.500	-7.100	0.149
-38.400	-7.100	0.192
-38.300	-7.100	0.205
-38.200	-7.100	0.265
-38.100	-7.100	0.277
-38.000	-7.100	0.297
-37.900	-7.100	0.304
-37.800	-7.100	0.379
-37.700	-7.100	0.374
-37.600	-7.100	0.388
-37.500	-7.100	0.374
-37.400	-7.100	0.379
-37.300	-7.100	0.304
-37.200	-7.100	0.297
-37.100	-7.100	0.278
-37.000	-7.100	0.265
-36.900	-7.100	0.207
-36.800	-7.100	0.192
-36.700	-7.100	0.150
-36.600	-7.100	0.139
-36.500	-7.100	0.111
-36.400	-7.100	0.105
-36.300	-7.100	0.100
-36.200	-7.100	0.082
-36.100	-7.100	0.080
-36.000	-7.100	0.077
-35.900	-7.100	0.075
-35.800	-7.100	0.073
-35.700	-7.100	0.071
-35.600	-7.100	0.061
-35.500	-7.100	0.060
-35.400	-7.100	0.058
-35.300	-7.100	0.057
-35.200	-7.100	0.055
-35.100	-7.100	0.053
-35.000	-7.100	0.052
-34.900	-7.100	0.044
-40.500	-7.200	0.028
-40.400	-7.200	0.029
-40.300	-7.200	0.029
-40.200	-7.200	0.031
-40.100	-7.200	0.032
-40.000	-7.200	0.037
-39.900	-7.200	0.038
-39.800	-7.200	0.040
-39.700	-7.200	0.041
-39.600	-7.200	0.043
-39.500	-7.200	0.051
-39.400	-7.200	0.053
-39.300	-7.200	0.056
-39.200	-7.200	0.059
-39.100	-7.200	0.069
-39.000	-7.200	0.073
-38.900	-7.200	0.078
-38.800	-7.200	0.083
-38.700	-7.200	0.103
-38.600	-7.200	0.109
-38.500	-7.200	0.140
-38.400	-7.200	0.150
-38.300	-7.200	0.192
-38.200	-7.200	0.207
-38.100	-7.200	0.258
-38.000	-7.200	0.281
-37.900	-7.200	0.283
-37.800	-7.200	0.363
-37.700	-7.200	0.296
-37.600	-7.200	0.373
-37.500	-7.200	0.296
-37.400	-7.200	0.363
-37.300	-7.200	0.283
-37.200	-7.200	0.280
-37.100	-7.200	0.259
-37.000	-7.200	0.207
-36.900	-7.200	0.192
-36.800	-7.200	0.151
-36.700	-7.200	0.140
-36.600	-7.200	0.111
-36.500	-7.200	0.106
-36.400	-7.200	0.100
-36.300	-7.200	0.082
-36.200	-7.200	0.079
-36.100	-7.200	0.076
-36.000	-7.200	0.073
-35.900	-7.200	0.071
-35.800	-7.200	0.061
-35.700	-7.200	0.060
-35.600	-7.200	0.058
-35.500	-7.200	0.057
-35.400	-7.200	0.055
-35.300	-7.200	0.054
-35.200	-7.200	0.052
-35.100	-7.200	0.051
-35.000	-7.200	0.043
-34.900	-7.200	0.042
-34.800	-7.200	0.041
-40.500	-7.300	0.027
-40.400	-7.300	0.028
-40.300	-7.300	0.028
-40.200	-7.300	0.030
-40.100	-7.300	0.031
-40.000	-7.300	0.032
-39.900	-7.300	0.037
-39.800	-7.300	0.039
-39.700	-7.300	0.041
-39.600	-7.300	0.043
-39.500	-7.300	0.044
-39.400	-7.300	0.052
-39.300	-7.300	0.055
-39.200	-7.300	0.058
-39.100	-7.300	0.060
-39.000	-7.300	0.072
-38.900	-7.300	0.076
-38.800	-7.300	0.079
-38.700	-7.300	0.098
-38.600	-7.300	0.105
-38.500	-7.300	0.110
-38.400	-7.300	0.139
-38.300	-7.300	0.148
-38.200	-7.300	0.187
-38.100	-7.300	0.197
-38.000	-7.300	0.208
-37.900	-7.300	0.214
-37.800	-7.300	0.266
-37.700	-7.300	0.265
-37.600	-7.300	0.272
-37.500	-7.300	0.265
-37.400	-7.300	0.266
-37.100	-7.300	0.197
-37.000	-7.300	0.188
-36.900	-7.300	0.149
-36.800	-7.300	0.140
-36.700	-7.300	0.111
-36.600	-7.300	0.106
-36.500	-7.300	0.100
-36.400	-7.300	0.082
-36.300	-7.300	0.079
-36.200	-7.300	0.076
-36.100	-7.300	0.073
-36.000	-7.300	0.070
-35.900	-7.300	0.061
-35.800	-7.300	0.060
-35.700	-7.300	0.058
-35.600	-7.300	0.057
-35.500	-7.300	0.055
-35.400	-7.300	0.054
-35.300	-7.300	0.051
-35.200	-7.300	0.045
-35.100	-7.300	0.043
-35.000	-7.300	0.042
-34.900	-7.300	0.041
-34.800	-7.300	0.039
-39.600	-7.400	0.041
-39.500	-7.400	0.043
-39.400	-7.400	0.050
-39.300	-7.400	0.053
-39.200	-7.400	0.056
-39.100	-7.400	0.058
-39.000	-7.400	0.062
-38.900	-7.400	0.072
-38.800	-7.400	0.076
-38.700	-7.400	0.080
-38.600	-7.400	0.099
-38.500	-7.400	0.105
-38.400	-7.400	0.109
-38.300	-7.400	0.137
-38.200	-7.400	0.145
-38.100	-7.400	0.152
-38.000	-7.400	0.190
-37.900	-7.400	0.195
-37.800	-7.400	0.202
-37.700	-7.400	0.204
-37.600	-7.400	0.206
-37.500	-7.400	0.204
-37.000	-7.400	0.145
-36.900	-7.400	0.137
-36.800	-7.400	0.109
-36.700	-7.400	0.106
-36.600	-7.400	0.100
-36.500	-7.400	0.082
-36.400	-7.400	0.078
-36.300	-7.400	0.076
-36.200	-7.400	0.072
-36.100	-7.400	0.063
-36.000	-7.400	0.061
-35.900	-7.400	0.059
-35.800	-7.400	0.057
-35.700	-7.400	0.056
-35.600	-7.400	0.054
-35.500	-7.400	0.053
-35.400	-7.400	0.050
-35.100	-7.400	0.041
-35.000	-7.400	0.041
-34.900	-7.400	0.040
-39.400	-7.500	0.044
-39.300	-7.500	0.052
-39.200	-7.500	0.054
-39.100	-7.500	0.056
-39.000	-7.500	0.059
-38.900	-7.500	0.061
-38.800	-7.500	0.073
-38.700	-7.500	0.077
-38.600	-7.500	0.079
-38.500	-7.500	0.098
-38.400	-7.500	0.103
-38.300	-7.500	0.108
-38.200	-7.500	0.132
-38.100	-7.500	0.138
-38.000	-7.500	0.144
-37.900	-7.500	0.148
-37.800	-7.500	0.152
-37.700	-7.500	0.154
-37.600	-7.500	0.184
-37.000	-7.500	0.132
-36.900	-7.500	0.109
-36.800	-7.500	0.104
-36.700	-7.500	0.099
-36.600	-7.500	0.082
-36.500	-7.500	0.078
-36.400	-7.500	0.075
-36.300	-7.500	0.072
-36.200	-7.500	0.062
-36.100	-7.500	0.060
-36.000	-7.500	0.058
-35.900	-7.500	0.056
-35.800	-7.500	0.055
-35.700	-7.500	0.053
-35.600	-7.500	0.052
-34.900	-7.500	0.038
-39.400	-7.600	0.043
-39.300	-7.600	0.045
-39.200	-7.600	0.052
-39.100	-7.600	0.055
-39.000	-7.600	0.057
-38.900	-7.600	0.060
-38.800	-7.600	0.062
-38.700	-7.600	0.073
-38.600	-7.600	0.076
-38.500	-7.600	0.079
-38.400	-7.600	0.082
-38.300	-7.600	0.100
-38.200	-7.600	0.105
-38.100	-7.600	0.108
-38.000	-7.600	0.110
-37.900	-7.600	0.134
-37.800	-7.600	0.137
-37.100	-7.600	0.108
-37.000	-7.600	0.104
-36.900	-7.600	0.101
-36.800	-7.600	0.082
-36.700	-7.600	0.080
-36.600	-7.600	0.077
-36.500	-7.600	0.074
-36.400	-7.600	0.071
-36.300	-7.600	0.061
-36.200	-7.600	0.059
-36.100	-7.600	0.057
-36.000	-7.600	0.056
-35.900	-7.600	0.055
-35.800	-7.600	0.052
-35.700	-7.600	0.051
-35.600	-7.600	0.044
-39.100	-7.700	0.053
-39.000	-7.700	0.055
-38.900	-7.700	0.057
-38.600	-7.700	0.072
-38.500	-7.700	0.075
-38.400	-7.700	0.078
-38.300	-7.700	0.080
-38.200	-7.700	0.096
-38.100	-7.700	0.100
-38.000	-7.700	0.103
-37.100	-7.700	0.101
-37.000	-7.700	0.097
-36.900	-7.700	0.081
-36.800	-7.700	0.078
-36.700	-7.700	0.076
-36.600	-7.700	0.073
-36.500	-7.700	0.071
-36.400	-7.700	0.061
-36.300	-7.700	0.059
-36.200	-7.700	0.058
-36.100	-7.700	0.056
-36.000	-7.700	0.054
-35.900	-7.700	0.052
-35.800	-7.700	0.044
-35.700	-7.700	0.044
-39.000	-7.800	0.053
-38.200	-7.800	0.078
-38.100	-7.800	0.080
-37.100	-7.800	0.079
-37.000	-7.800	0.079
-36.900	-7.800	0.076
-36.800	-7.800	0.074
-36.700	-7.800	0.071
-36.600	-7.800	0.062
-36.500	-7.800	0.060
-36.400	-7.800	0.058
-36.300	-7.800	0.056
-36.000	-7.800	0.052
-37.200	-7.900	0.077
-37.100	-7.900	0.075
-37.000	-7.900	0.073
-36.900	-7.900	0.071
-36.800	-7.900	0.070
-36.700	-7.900	0.061
-36.600	-7.900	0.059
-36.500	-7.900	0.058
-37.100	-8.000	0.070
-37.000	-8.000	0.061
-36.900	-8.000	0.060
-36.800	-8.000	0.059
-36.700	-8.000	0.058
-37.100	-8.100	0.060
-37.000	-8.100	0.058
-36.900	-8.100	0.058
-36.800	-8.100	0.056
-36.700	-8.100	0.055
-37.100	-8.200	0.057
-37.000	-8.200	0.055
-36.900	-8.200	0.055
