-40.500	-2.800	0.046
-41.200	-2.900	0.029
-41.100	-2.900	0.030
-41.000	-2.900	0.036
-40.900	-2.900	0.037
-40.800	-2.900	0.038
-40.700	-2.900	0.040
-40.600	-2.900	0.047
-40.500	-2.900	0.050
-40.400	-2.900	0.052
-40.300	-2.900	0.054
-40.200	-2.900	0.065
-40.100	-2.900	0.067
-40.000	-2.900	0.069
-39.900	-2.900	0.069
-41.200	-3.000	0.030
-41.100	-3.000	0.035
-41.000	-3.000	0.037
-40.900	-3.000	0.038
-40.800	-3.000	0.040
-40.700	-3.000	0.048
-40.600	-3.000	0.051
-40.500	-3.000	0.052
-40.400	-3.000	0.065
-40.300	-3.000	0.068
-40.200	-3.000	0.070
-40.100	-3.000	0.072
-40.000	-3.000	0.090
-39.900	-3.000	0.092
-39.800	-3.000	0.092
-39.700	-3.000	0.091
-41.200	-3.100	0.035
-41.100	-3.100	0.036
-41.000	-3.100	0.038
-40.900	-3.100	0.040
-40.800	-3.100	0.048
-40.700	-3.100	0.051
-40.600	-3.100	0.053
-40.500	-3.100	0.066
-40.400	-3.100	0.070
-40.300	-3.100	0.074
-40.200	-3.100	0.094
-40.100	-3.100	0.096
-40.000	-3.100	0.099
-39.900	-3.100	0.100
-39.800	-3.100	0.101
-39.700	-3.100	0.101
-39.600	-3.100	0.100
-41.300	-3.200	0.034
-41.200	-3.200	0.036
-41.100	-3.200	0.038
-41.000	-3.200	0.040
-40.900	-3.200	0.048
-40.800	-3.200	0.051
-40.700	-3.200	0.054
-40.600	-3.200	0.067
-40.500	-3.200	0.071
-40.400	-3.200	0.091
-40.300	-3.200	0.097
-40.200	-3.200	0.123
-40.100	-3.200	0.126
-40.000	-3.200	0.131
-39.900	-3.200	0.132
-39.800	-3.200	0.134
-39.700	-3.200	0.133
-39.600	-3.200	0.132
-39.500	-3.200	0.127
-39.400	-3.200	0.124
-41.300	-3.300	0.035
-41.200	-3.300	0.037
-41.100	-3.300	0.039
-41.000	-3.300	0.047
-40.900	-3.300	0.050
-40.800	-3.300	0.053
-40.700	-3.300	0.067
-40.600	-3.300	0.071
-40.500	-3.300	0.092
-40.400	-3.300	0.098
-40.300	-3.300	0.125
-40.200	-3.300	0.133
-40.100	-3.300	0.136
-40.000	-3.300	0.142
-39.900	-3.300	0.142
-39.800	-3.300	0.174
-39.700	-3.300	0.143
-39.600	-3.300	0.142
-39.500	-3.300	0.138
-39.400	-3.300	0.134
-39.300	-3.300	0.128
-39.200	-3.300	0.103
-41.300	-3.400	0.036
-41.200	-3.400	0.038
-41.100	-3.400	0.040
-41.000	-3.400	0.049
-40.900	-3.400	0.052
-40.800	-3.400	0.065
-40.700	-3.400	0.070
-40.600	-3.400	0.092
-40.500	-3.400	0.099
-40.400	-3.400	0.129
-40.300	-3.400	0.135
-40.200	-3.400	0.176
-40.100	-3.400	0.178
-40.000	-3.400	0.190
-39.900	-3.400	0.187
-39.800	-3.400	0.195
-39.700	-3.400	0.187
-39.600	-3.400	0.190
-39.500	-3.400	0.180
-39.400	-3.400	0.178
-39.300	-3.400	0.139
-39.200	-3.400	0.134
-39.100	-3.400	0.127
-41.300	-3.500	0.036
-41.200	-3.500	0.038
-41.100	-3.500	0.047
-41.000	-3.500	0.050
-40.900	-3.500	0.054
-40.800	-3.500	0.068
-40.700	-3.500	0.074
-40.600	-3.500	0.097
-40.500	-3.500	0.124
-40.400	-3.500	0.135
-40.300	-3.500	0.143
-40.200	-3.500	0.183
-40.100	-3.500	0.187
-40.000	-3.500	0.197
-39.900	-3.500	0.196
-39.800	-3.500	0.202
-39.700	-3.500	0.196
-39.600	-3.500	0.197
-39.500	-3.500	0.188
-39.400	-3.500	0.186
-39.300	-3.500	0.174
-39.200	-3.500	0.141
-39.100	-3.500	0.135
-39.000	-3.500	0.131
-41.300	-3.600	0.037
-41.200	-3.600	0.039
-41.100	-3.600	0.048
-41.000	-3.600	0.051
-40.900	-3.600	0.065
-40.800	-3.600	0.070
-40.700	-3.600	0.093
-40.600	-3.600	0.123
-40.500	-3.600	0.133
-40.400	-3.600	0.176
-40.300	-3.600	0.183
-40.200	-3.600	0.242
-40.100	-3.600	0.202
-40.000	-3.600	0.262
-39.900	-3.600	0.252
-39.800	-3.600	0.270
-39.700	-3.600	0.252
-39.600	-3.600	0.263
-39.500	-3.600	0.203
-39.400	-3.600	0.246
-39.300	-3.600	0.188
-39.200	-3.600	0.185
-39.100	-3.600	0.144
-39.000	-3.600	0.141
-38.900	-3.600	0.138
-38.800	-3.600	0.137
-41.200	-3.700	0.040
-41.100	-3.700	0.048
-41.000	-3.700	0.052
-40.900	-3.700	0.067
-40.800	-3.700	0.072
-40.700	-3.700	0.096
-40.600	-3.700	0.126
-40.500	-3.700	0.136
-40.400	-3.700	0.178
-40.300	-3.700	0.187
-40.200	-3.700	0.201
-40.100	-3.700	0.205
-40.000	-3.700	0.258
-39.900	-3.700	0.255
-39.800	-3.700	0.265
-39.700	-3.700	0.255
-39.600	-3.700	0.259
-39.500	-3.700	0.245
-39.400	-3.700	0.244
-39.300	-3.700	0.193
-39.200	-3.700	0.189
-39.100	-3.700	0.179
-39.000	-3.700	0.177
-38.900	-3.700	0.145
-38.800	-3.700	0.173
-38.700	-3.700	0.144
-38.600	-3.700	0.176
-41.200	-3.800	0.041
-41.100	-3.800	0.049
-41.000	-3.800	0.053
-40.900	-3.800	0.068
-40.800	-3.800	0.090
-40.700	-3.800	0.099
-40.600	-3.800	0.131
-40.500	-3.800	0.142
-40.400	-3.800	0.190
-40.300	-3.800	0.197
-40.200	-3.800	0.262
-40.100	-3.800	0.259
-40.000	-3.800	0.338
-39.900	-3.800	0.272
-39.800	-3.800	0.349
-39.700	-3.800	0.272
-39.600	-3.800	0.340
-39.500	-3.800	0.262
-39.400	-3.800	0.267
-39.300	-3.800	0.204
-39.200	-3.800	0.245
-39.100	-3.800	0.190
-39.000	-3.800	0.191
-38.900	-3.800	0.184
-38.800	-3.800	0.190
-38.700	-3.800	0.186
-38.600	-3.800	0.194
-38.500	-3.800	0.190
-41.200	-3.900	0.040
-41.100	-3.900	0.050
-41.000	-3.900	0.054
-40.900	-3.900	0.068
-40.800	-3.900	0.091
-40.700	-3.900	0.100
-40.600	-3.900	0.132
-40.500	-3.900	0.142
-40.400	-3.900	0.187
-40.300	-3.900	0.196
-40.200	-3.900	0.252
-40.100	-3.900	0.254
-40.000	-3.900	0.271
-39.900	-3.900	0.267
-39.800	-3.900	0.279
-39.700	-3.900	0.269
-39.600	-3.900	0.273
-39.500	-3.900	0.258
-39.400	-3.900	0.258
-39.300	-3.900	0.205
-39.200	-3.900	0.202
-39.100	-3.900	0.193
-39.000	-3.900	0.193
-38.900	-3.900	0.190
-38.800	-3.900	0.196
-38.700	-3.900	0.194
-38.600	-3.900	0.201
-38.500	-3.900	0.198
-38.400	-3.900	0.203
-41.200	-4.000	0.040
-41.100	-4.000	0.050
-41.000	-4.000	0.053
-40.900	-4.000	0.069
-40.800	-4.000	0.092
-40.700	-4.000	0.101
-40.600	-4.000	0.134
-40.500	-4.000	0.175
-40.400	-4.000	0.194
-40.300	-4.000	0.201
-40.200	-4.000	0.269
-40.100	-4.000	0.266
-40.000	-4.000	0.349
-39.900	-4.000	0.279
-39.800	-4.000	0.357
-39.700	-4.000	0.279
-39.600	-4.000	0.350
-39.500	-4.000	0.269
-39.400	-4.000	0.276
-39.300	-4.000	0.253
-39.200	-4.000	0.258
-39.100	-4.000	0.202
-39.000	-4.000	0.250
-38.900	-4.000	0.201
-38.800	-4.000	0.256
-38.700	-4.000	0.248
-38.600	-4.000	0.267
-38.500	-4.000	0.254
-38.400	-4.000	0.270
-38.300	-4.000	0.253
-41.100	-4.100	0.050
-41.000	-4.100	0.053
-40.900	-4.100	0.069
-40.800	-4.100	0.091
-40.700	-4.100	0.100
-40.600	-4.100	0.132
-40.500	-4.100	0.143
-40.400	-4.100	0.187
-40.300	-4.100	0.196
-40.200	-4.100	0.251
-40.100	-4.100	0.255
-40.000	-4.100	0.272
-39.900	-4.100	0.268
-39.800	-4.100	0.279
-39.700	-4.100	0.269
-39.600	-4.100	0.274
-39.500	-4.100	0.260
-39.400	-4.100	0.260
-39.300	-4.100	0.245
-39.200	-4.100	0.246
-39.100	-4.100	0.201
-39.000	-4.100	0.204
-38.900	-4.100	0.203
-38.800	-4.100	0.251
-38.700	-4.100	0.249
-38.600	-4.100	0.262
-38.500	-4.100	0.257
-38.400	-4.100	0.266
-38.300	-4.100	0.255
-38.200	-4.100	0.258
-41.100	-4.200	0.049
-41.000	-4.200	0.053
-40.900	-4.200	0.068
-40.800	-4.200	0.090
-40.700	-4.200	0.099
-40.600	-4.200	0.132
-40.500	-4.200	0.142
-40.400	-4.200	0.190
-40.300	-4.200	0.197
-40.200	-4.200	0.262
-40.100	-4.200	0.259
-40.000	-4.200	0.339
-39.900	-4.200	0.272
-39.800	-4.200	0.349
-39.700	-4.200	0.273
-39.600	-4.200	0.342
-39.500	-4.200	0.265
-39.400	-4.200	0.272
-39.300	-4.200	0.251
-39.200	-4.200	0.259
-39.100	-4.200	0.245
-39.000	-4.200	0.259
-38.900	-4.200	0.252
-38.800	-4.200	0.272
-38.700	-4.200	0.265
-38.600	-4.200	0.342
-38.500	-4.200	0.273
-38.400	-4.200	0.349
-38.300	-4.200	0.272
-38.200	-4.200	0.339
-38.100	-4.200	0.259
-41.100	-4.300	0.049
-41.000	-4.300	0.053
-40.900	-4.300	0.067
-40.800	-4.300	0.072
-40.700	-4.300	0.096
-40.600	-4.300	0.127
-40.500	-4.300	0.136
-40.400	-4.300	0.178
-40.300	-4.300	0.187
-40.200	-4.300	0.202
-40.100	-4.300	0.205
-40.000	-4.300	0.259
-39.900	-4.300	0.256
-39.800	-4.300	0.266
-39.700	-4.300	0.257
-39.600	-4.300	0.262
-39.500	-4.300	0.249
-39.400	-4.300	0.251
-39.300	-4.300	0.203
-39.200	-4.300	0.204
-39.100	-4.300	0.201
-39.000	-4.300	0.245
-38.900	-4.300	0.245
-38.800	-4.300	0.260
-38.700	-4.300	0.259
-38.600	-4.300	0.274
-38.500	-4.300	0.269
-38.400	-4.300	0.279
-38.300	-4.300	0.268
-38.200	-4.300	0.272
-38.100	-4.300	0.255
-38.000	-4.300	0.252
-41.100	-4.400	0.048
-41.000	-4.400	0.052
-40.900	-4.400	0.065
-40.800	-4.400	0.070
-40.700	-4.400	0.093
-40.600	-4.400	0.123
-40.500	-4.400	0.133
-40.400	-4.400	0.176
-40.300	-4.400	0.183
-40.200	-4.400	0.242
-40.100	-4.400	0.201
-40.000	-4.400	0.262
-39.900	-4.400	0.253
-39.800	-4.400	0.270
-39.700	-4.400	0.254
-39.600	-4.400	0.266
-39.500	-4.400	0.247
-39.400	-4.400	0.256
-39.300	-4.400	0.201
-39.200	-4.400	0.249
-39.100	-4.400	0.203
-39.000	-4.400	0.258
-38.900	-4.400	0.253
-38.800	-4.400	0.276
-38.700	-4.400	0.270
-38.600	-4.400	0.350
-38.500	-4.400	0.279
-38.400	-4.400	0.358
-38.300	-4.400	0.278
-38.200	-4.400	0.348
-38.100	-4.400	0.265
-38.000	-4.400	0.269
-37.900	-4.400	0.202
-37.800	-4.400	0.195
-41.100	-4.500	0.047
-41.000	-4.500	0.050
-40.900	-4.500	0.054
-40.800	-4.500	0.068
-40.700	-4.500	0.073
-40.600	-4.500	0.097
-40.500	-4.500	0.124
-40.400	-4.500	0.135
-40.300	-4.500	0.143
-40.200	-4.500	0.183
-40.100	-4.500	0.187
-40.000	-4.500	0.197
-39.900	-4.500	0.197
-39.800	-4.500	0.202
-39.700	-4.500	0.198
-39.600	-4.500	0.200
-39.500	-4.500	0.194
-39.400	-4.500	0.195
-39.300	-4.500	0.190
-39.200	-4.500	0.193
-39.100	-4.500	0.194
-39.000	-4.500	0.202
-38.900	-4.500	0.205
-38.800	-4.500	0.258
-38.700	-4.500	0.258
-38.600	-4.500	0.273
-38.500	-4.500	0.268
-38.400	-4.500	0.279
-38.300	-4.500	0.268
-38.200	-4.500	0.272
-38.100	-4.500	0.255
-38.000	-4.500	0.252
-37.900	-4.500	0.197
-37.800	-4.500	0.188
-41.200	-4.600	0.038
-41.100	-4.600	0.040
-41.000	-4.600	0.049
-40.900	-4.600	0.052
-40.800	-4.600	0.065
-40.700	-4.600	0.071
-40.600	-4.600	0.092
-40.500	-4.600	0.099
-40.400	-4.600	0.128
-40.300	-4.600	0.135
-40.200	-4.600	0.176
-40.100	-4.600	0.178
-40.000	-4.600	0.190
-39.900	-4.600	0.188
-39.800	-4.600	0.196
-39.700	-4.600	0.190
-39.600	-4.600	0.194
-39.500	-4.600	0.187
-39.400	-4.600	0.190
-39.300	-4.600	0.185
-39.200	-4.600	0.191
-39.100	-4.600	0.191
-39.000	-4.600	0.245
-38.900	-4.600	0.205
-38.800	-4.600	0.267
-38.700	-4.600	0.261
-38.600	-4.600	0.340
-38.500	-4.600	0.273
-38.400	-4.600	0.348
-38.300	-4.600	0.272
-38.200	-4.600	0.339
-38.100	-4.600	0.259
-38.000	-4.600	0.262
-37.900	-4.600	0.197
-37.800	-4.600	0.191
-37.700	-4.600	0.143
-41.200	-4.700	0.037
-41.100	-4.700	0.039
-41.000	-4.700	0.047
-40.900	-4.700	0.050
-40.800	-4.700	0.053
-40.700	-4.700	0.067
-40.600	-4.700	0.072
-40.500	-4.700	0.093
-40.400	-4.700	0.099
-40.300	-4.700	0.125
-40.200	-4.700	0.133
-40.100	-4.700	0.137
-40.000	-4.700	0.142
-39.900	-4.700	0.143
-39.800	-4.700	0.176
-39.700	-4.700	0.145
-39.600	-4.700	0.176
-39.500	-4.700	0.144
-39.400	-4.700	0.173
-39.300	-4.700	0.145
-39.200	-4.700	0.177
-39.100	-4.700	0.179
-39.000	-4.700	0.189
-38.900	-4.700	0.193
-38.800	-4.700	0.244
-38.700	-4.700	0.245
-38.600	-4.700	0.260
-38.500	-4.700	0.256
-38.400	-4.700	0.266
-38.300	-4.700	0.255
-38.200	-4.700	0.258
-38.100	-4.700	0.206
-38.000	-4.700	0.202
-37.900	-4.700	0.188
-37.800	-4.700	0.180
-37.700	-4.700	0.138
-37.600	-4.700	0.129
-37.500	-4.700	0.100
-37.400	-4.700	0.093
-41.200	-4.800	0.036
-41.100	-4.800	0.038
-41.000	-4.800	0.040
-40.900	-4.800	0.048
-40.800	-4.800	0.050
-40.700	-4.800	0.054
-40.600	-4.800	0.068
-40.500	-4.800	0.072
-40.400	-4.800	0.092
-40.300	-4.800	0.097
-40.200	-4.800	0.123
-40.100	-4.800	0.127
-40.000	-4.800	0.132
-39.900	-4.800	0.134
-39.800	-4.800	0.136
-39.700	-4.800	0.135
-39.600	-4.800	0.137
-39.500	-4.800	0.136
-39.400	-4.800	0.137
-39.300	-4.800	0.138
-39.200	-4.800	0.141
-39.100	-4.800	0.145
-39.000	-4.800	0.185
-38.900	-4.800	0.189
-38.800	-4.800	0.246
-38.700	-4.800	0.203
-38.600	-4.800	0.264
-38.500	-4.800	0.253
-38.400	-4.800	0.269
-38.300	-4.800	0.253
-38.200	-4.800	0.263
-38.100	-4.800	0.202
-38.000	-4.800	0.243
-37.900	-4.800	0.185
-37.800	-4.800	0.178
-37.700	-4.800	0.135
-37.600	-4.800	0.127
-37.500	-4.800	0.099
-37.400	-4.800	0.093
-37.300	-4.800	0.075
-41.200	-4.900	0.035
-41.100	-4.900	0.037
-41.000	-4.900	0.039
-40.900	-4.900	0.040
-40.800	-4.900	0.049
-40.700	-4.900	0.051
-40.600	-4.900	0.054
-40.500	-4.900	0.067
-40.400	-4.900	0.071
-40.300	-4.900	0.090
-40.200	-4.900	0.094
-40.100	-4.900	0.097
-40.000	-4.900	0.100
-39.900	-4.900	0.102
-39.800	-4.900	0.103
-39.700	-4.900	0.104
-39.600	-4.900	0.124
-39.500	-4.900	0.105
-39.400	-4.900	0.125
-39.300	-4.900	0.127
-39.200	-4.900	0.131
-39.100	-4.900	0.135
-39.000	-4.900	0.142
-38.900	-4.900	0.175
-38.800	-4.900	0.186
-38.700	-4.900	0.189
-38.600	-4.900	0.198
-38.500	-4.900	0.197
-38.400	-4.900	0.202
-38.300	-4.900	0.197
-38.200	-4.900	0.198
-38.100	-4.900	0.189
-38.000	-4.900	0.185
-37.900	-4.900	0.146
-37.800	-4.900	0.139
-37.700	-4.900	0.130
-37.600	-4.900	0.103
-37.500	-4.900	0.098
-37.400	-4.900	0.092
-37.300	-4.900	0.077
-41.100	-5.000	0.036
-41.000	-5.000	0.037
-40.900	-5.000	0.039
-40.800	-5.000	0.040
-40.700	-5.000	0.049
-40.600	-5.000	0.051
-40.500	-5.000	0.054
-40.400	-5.000	0.067
-40.300	-5.000	0.069
-40.200	-5.000	0.071
-40.100	-5.000	0.074
-40.000	-5.000	0.091
-39.900	-5.000	0.094
-39.800	-5.000	0.095
-39.700	-5.000	0.095
-39.600	-5.000	0.096
-39.500	-5.000	0.097
-39.400	-5.000	0.098
-39.300	-5.000	0.100
-39.200	-5.000	0.103
-39.100	-5.000	0.128
-39.000	-5.000	0.135
-38.900	-5.000	0.139
-38.800	-5.000	0.179
-38.700	-5.000	0.181
-38.600	-5.000	0.192
-38.500	-5.000	0.189
-38.400	-5.000	0.196
-38.300	-5.000	0.189
-38.200	-5.000	0.192
-38.100	-5.000	0.182
-38.000	-5.000	0.181
-37.900	-5.000	0.142
-37.800	-5.000	0.136
-37.700	-5.000	0.128
-37.600	-5.000	0.103
-37.500	-5.000	0.098
-37.400	-5.000	0.094
-37.300	-5.000	0.078
-37.200	-5.000	0.076
-37.100	-5.000	0.075
-37.000	-5.000	0.074
-36.900	-5.000	0.074
-41.000	-5.100	0.036
-40.900	-5.100	0.038
-40.800	-5.100	0.039
-40.700	-5.100	0.041
-40.600	-5.100	0.049
-40.500	-5.100	0.051
-40.400	-5.100	0.052
-40.300	-5.100	0.054
-40.200	-5.100	0.068
-40.100	-5.100	0.068
-40.000	-5.100	0.070
-39.900	-5.100	0.072
-39.800	-5.100	0.072
-39.700	-5.100	0.073
-39.600	-5.100	0.074
-39.500	-5.100	0.076
-39.400	-5.100	0.091
-39.300	-5.100	0.093
-39.200	-5.100	0.097
-39.100	-5.100	0.100
-39.000	-5.100	0.104
-38.900	-5.100	0.129
-38.800	-5.100	0.136
-38.700	-5.100	0.139
-38.600	-5.100	0.145
-38.500	-5.100	0.146
-38.400	-5.100	0.178
-38.300	-5.100	0.146
-38.200	-5.100	0.176
-38.100	-5.100	0.143
-38.000	-5.100	0.141
-37.900	-5.100	0.136
-37.800	-5.100	0.132
-37.700	-5.100	0.127
-37.600	-5.100	0.104
-37.500	-5.100	0.101
-37.400	-5.100	0.098
-37.300	-5.100	0.094
-37.200	-5.100	0.079
-37.100	-5.100	0.079
-37.000	-5.100	0.077
-36.900	-5.100	0.078
-36.800	-5.100	0.092
-36.700	-5.100	0.096
-36.600	-5.100	0.101
-36.500	-5.100	0.127
-36.400	-5.100	0.137
-36.300	-5.100	0.143
-36.200	-5.100	0.184
-36.100	-5.100	0.187
-36.000	-5.100	0.197
-35.900	-5.100	0.196
-35.800	-5.100	0.201
-40.900	-5.200	0.036
-40.800	-5.200	0.037
-40.700	-5.200	0.039
-40.600	-5.200	0.041
-40.500	-5.200	0.048
-40.400	-5.200	0.049
-40.300	-5.200	0.052
-40.200	-5.200	0.053
-40.100	-5.200	0.054
-40.000	-5.200	0.065
-39.900	-5.200	0.067
-39.800	-5.200	0.068
-39.700	-5.200	0.070
-39.600	-5.200	0.071
-39.500	-5.200	0.072
-39.400	-5.200	0.073
-39.300	-5.200	0.075
-39.200	-5.200	0.076
-39.100	-5.200	0.094
-39.000	-5.200	0.098
-38.900	-5.200	0.102
-38.800	-5.200	0.127
-38.700	-5.200	0.131
-38.600	-5.200	0.135
-38.500	-5.200	0.138
-38.400	-5.200	0.141
-38.300	-5.200	0.140
-38.200	-5.200	0.141
-38.100	-5.200	0.139
-38.000	-5.200	0.138
-37.900	-5.200	0.135
-37.800	-5.200	0.133
-37.700	-5.200	0.129
-37.600	-5.200	0.126
-37.500	-5.200	0.105
-37.400	-5.200	0.102
-37.300	-5.200	0.100
-37.200	-5.200	0.098
-37.100	-5.200	0.096
-37.000	-5.200	0.094
-36.900	-5.200	0.095
-36.800	-5.200	0.097
-36.700	-5.200	0.101
-36.600	-5.200	0.128
-36.500	-5.200	0.135
-36.400	-5.200	0.177
-36.300	-5.200	0.184
-36.200	-5.200	0.242
-36.100	-5.200	0.202
-36.000	-5.200	0.262
-35.900	-5.200	0.252
-35.800	-5.200	0.269
-35.700	-5.200	0.252
-35.600	-5.200	0.262
-35.500	-5.200	0.201
-40.900	-5.300	0.035
-40.800	-5.300	0.036
-40.700	-5.300	0.038
-40.600	-5.300	0.039
-40.500	-5.300	0.040
-40.400	-5.300	0.041
-40.300	-5.300	0.049
-40.200	-5.300	0.050
-40.100	-5.300	0.051
-40.000	-5.300	0.052
-39.900	-5.300	0.053
-39.800	-5.300	0.054
-39.700	-5.300	0.056
-39.600	-5.300	0.057
-39.500	-5.300	0.067
-39.400	-5.300	0.068
-39.300	-5.300	0.071
-39.200	-5.300	0.072
-39.100	-5.300	0.076
-39.000	-5.300	0.092
-38.900	-5.300	0.095
-38.800	-5.300	0.099
-38.700	-5.300	0.103
-38.600	-5.300	0.125
-38.500	-5.300	0.128
-38.400	-5.300	0.132
-38.300	-5.300	0.133
-38.200	-5.300	0.136
-38.100	-5.300	0.136
-38.000	-5.300	0.137
-37.900	-5.300	0.136
-37.800	-5.300	0.137
-37.700	-5.300	0.135
-37.600	-5.300	0.134
-37.500	-5.300	0.131
-37.400	-5.300	0.129
-37.300	-5.300	0.107
-37.200	-5.300	0.105
-37.100	-5.300	0.102
-37.000	-5.300	0.100
-36.900	-5.300	0.100
-36.800	-5.300	0.102
-36.700	-5.300	0.106
-36.600	-5.300	0.133
-36.500	-5.300	0.140
-36.400	-5.300	0.180
-36.300	-5.300	0.188
-36.200	-5.300	0.201
-36.100	-5.300	0.205
-36.000	-5.300	0.258
-35.900	-5.300	0.255
-35.800	-5.300	0.265
-35.700	-5.300	0.255
-35.600	-5.300	0.259
-35.500	-5.300	0.205
-35.400	-5.300	0.201
-40.900	-5.400	0.029
-40.800	-5.400	0.034
-40.700	-5.400	0.036
-40.600	-5.400	0.037
-40.500	-5.400	0.038
-40.400	-5.400	0.040
-40.300	-5.400	0.041
-40.200	-5.400	0.041
-40.100	-5.400	0.048
-40.000	-5.400	0.049
-39.900	-5.400	0.050
-39.800	-5.400	0.051
-39.700	-5.400	0.053
-39.600	-5.400	0.054
-39.500	-5.400	0.055
-39.400	-5.400	0.056
-39.300	-5.400	0.067
-39.200	-5.400	0.069
-39.100	-5.400	0.072
-39.000	-5.400	0.075
-38.900	-5.400	0.078
-38.800	-5.400	0.094
-38.700	-5.400	0.098
-38.600	-5.400	0.101
-38.500	-5.400	0.105
-38.400	-5.400	0.128
-38.300	-5.400	0.131
-38.200	-5.400	0.137
-38.100	-5.400	0.138
-38.000	-5.400	0.143
-37.900	-5.400	0.143
-37.800	-5.400	0.175
-37.700	-5.400	0.145
-37.600	-5.400	0.175
-37.500	-5.400	0.144
-37.400	-5.400	0.142
-37.300	-5.400	0.138
-37.200	-5.400	0.134
-37.100	-5.400	0.130
-37.000	-5.400	0.127
-36.900	-5.400	0.107
-36.800	-5.400	0.127
-36.700	-5.400	0.132
-36.600	-5.400	0.139
-36.500	-5.400	0.174
-36.400	-5.400	0.192
-36.300	-5.400	0.198
-36.200	-5.400	0.262
-36.100	-5.400	0.259
-36.000	-5.400	0.338
-35.900	-5.400	0.272
-35.800	-5.400	0.348
-35.700	-5.400	0.272
-35.600	-5.400	0.339
-35.500	-5.400	0.259
-35.400	-5.400	0.262
-40.900	-5.500	0.028
-40.800	-5.500	0.030
-40.700	-5.500	0.031
-40.600	-5.500	0.035
-40.500	-5.500	0.037
-40.400	-5.500	0.038
-40.300	-5.500	0.039
-40.200	-5.500	0.039
-40.100	-5.500	0.041
-40.000	-5.500	0.042
-39.900	-5.500	0.048
-39.800	-5.500	0.049
-39.700	-5.500	0.050
-39.600	-5.500	0.051
-39.500	-5.500	0.052
-39.400	-5.500	0.054
-39.300	-5.500	0.055
-39.200	-5.500	0.057
-39.100	-5.500	0.069
-39.000	-5.500	0.072
-38.900	-5.500	0.075
-38.800	-5.500	0.077
-38.700	-5.500	0.094
-38.600	-5.500	0.099
-38.500	-5.500	0.104
-38.400	-5.500	0.127
-38.300	-5.500	0.132
-38.200	-5.500	0.139
-38.100	-5.500	0.143
-38.000	-5.500	0.177
-37.900	-5.500	0.179
-37.800	-5.500	0.186
-37.700	-5.500	0.185
-37.600	-5.500	0.189
-37.500	-5.500	0.184
-37.400	-5.500	0.184
-37.300	-5.500	0.149
-37.200	-5.500	0.146
-37.100	-5.500	0.140
-37.000	-5.500	0.137
-36.900	-5.500	0.132
-36.800	-5.500	0.133
-36.700	-5.500	0.135
-36.600	-5.500	0.141
-36.500	-5.500	0.176
-36.400	-5.500	0.190
-36.300	-5.500	0.198
-36.200	-5.500	0.252
-36.100	-5.500	0.255
-36.000	-5.500	0.271
-35.900	-5.500	0.267
-35.800	-5.500	0.278
-35.700	-5.500	0.267
-35.600	-5.500	0.272
-35.500	-5.500	0.255
-35.400	-5.500	0.252
-35.300	-5.500	0.196
-40.900	-5.600	0.028
-40.800	-5.600	0.028
-40.700	-5.600	0.029
-40.600	-5.600	0.030
-40.500	-5.600	0.035
-40.400	-5.600	0.036
-40.300	-5.600	0.038
-40.200	-5.600	0.038
-40.100	-5.600	0.039
-40.000	-5.600	0.040
-39.900	-5.600	0.041
-39.800	-5.600	0.042
-39.700	-5.600	0.043
-39.600	-5.600	0.049
-39.500	-5.600	0.051
-39.400	-5.600	0.052
-39.300	-5.600	0.054
-39.200	-5.600	0.055
-39.100	-5.600	0.058
-39.000	-5.600	0.070
-38.900	-5.600	0.073
-38.800	-5.600	0.076
-38.700	-5.600	0.093
-38.600	-5.600	0.099
-38.500	-5.600	0.105
-38.400	-5.600	0.131
-38.300	-5.600	0.139
-38.200	-5.600	0.177
-38.100	-5.600	0.183
-38.000	-5.600	0.196
-37.900	-5.600	0.197
-37.800	-5.600	0.251
-37.700	-5.600	0.205
-37.600	-5.600	0.257
-37.500	-5.600	0.204
-37.400	-5.600	0.251
-37.300	-5.600	0.196
-37.200	-5.600	0.194
-37.100	-5.600	0.181
-37.000	-5.600	0.178
-36.900	-5.600	0.143
-36.800	-5.600	0.142
-36.700	-5.600	0.142
-36.600	-5.600	0.177
-36.500	-5.600	0.182
-36.400	-5.600	0.240
-36.300	-5.600	0.204
-36.200	-5.600	0.270
-36.100	-5.600	0.266
-36.000	-5.600	0.348
-35.900	-5.600	0.279
-35.800	-5.600	0.357
-35.700	-5.600	0.278
-35.600	-5.600	0.348
-35.500	-5.600	0.265
-35.400	-5.600	0.269
-35.300	-5.600	0.201
-40.900	-5.700	0.027
-40.800	-5.700	0.027
-40.700	-5.700	0.028
-40.600	-5.700	0.029
-40.500	-5.700	0.030
-40.400	-5.700	0.031
-40.300	-5.700	0.036
-40.200	-5.700	0.037
-40.100	-5.700	0.037
-40.000	-5.700	0.039
-39.900	-5.700	0.040
-39.800	-5.700	0.041
-39.700	-5.700	0.041
-39.600	-5.700	0.043
-39.500	-5.700	0.049
-39.400	-5.700	0.051
-39.300	-5.700	0.052
-39.200	-5.700	0.055
-39.100	-5.700	0.057
-39.000	-5.700	0.069
-38.900	-5.700	0.072
-38.800	-5.700	0.076
-38.700	-5.700	0.094
-38.600	-5.700	0.100
-38.500	-5.700	0.107
-38.400	-5.700	0.136
-38.300	-5.700	0.145
-38.200	-5.700	0.185
-38.100	-5.700	0.193
-38.000	-5.700	0.206
-37.900	-5.700	0.210
-37.800	-5.700	0.261
-37.700	-5.700	0.257
-37.600	-5.700	0.266
-37.500	-5.700	0.257
-37.400	-5.700	0.261
-37.300	-5.700	0.209
-37.200	-5.700	0.206
-37.100	-5.700	0.193
-37.000	-5.700	0.188
-36.900	-5.700	0.177
-36.800	-5.700	0.147
-36.700	-5.700	0.145
-36.600	-5.700	0.175
-36.500	-5.700	0.180
-36.400	-5.700	0.192
-36.300	-5.700	0.199
-36.200	-5.700	0.253
-36.100	-5.700	0.256
-36.000	-5.700	0.271
-35.900	-5.700	0.268
-35.800	-5.700	0.278
-35.700	-5.700	0.268
-35.600	-5.700	0.271
-35.500	-5.700	0.255
-35.400	-5.700	0.251
-35.300	-5.700	0.196
-35.200	-5.700	0.187
-40.900	-5.800	0.026
-40.800	-5.800	0.027
-40.700	-5.800	0.027
-40.600	-5.800	0.029
-40.500	-5.800	0.029
-40.400	-5.800	0.030
-40.300	-5.800	0.031
-40.200	-5.800	0.035
-40.100	-5.800	0.036
-40.000	-5.800	0.037
-39.900	-5.800	0.038
-39.800	-5.800	0.039
-39.700	-5.800	0.041
-39.600	-5.800	0.042
-39.500	-5.800	0.043
-39.400	-5.800	0.050
-39.300	-5.800	0.052
-39.200	-5.800	0.054
-39.100	-5.800	0.056
-39.000	-5.800	0.068
-38.900	-5.800	0.073
-38.800	-5.800	0.077
-38.700	-5.800	0.096
-38.600	-5.800	0.103
-38.500	-5.800	0.132
-38.400	-5.800	0.173
-38.300	-5.800	0.184
-38.200	-5.800	0.245
-38.100	-5.800	0.249
-38.000	-5.800	0.278
-37.900	-5.800	0.273
-37.800	-5.800	0.357
-37.700	-5.800	0.285
-37.600	-5.800	0.365
-37.500	-5.800	0.285
-37.400	-5.800	0.356
-37.300	-5.800	0.273
-37.200	-5.800	0.278
-37.100	-5.800	0.250
-37.000	-5.800	0.249
-36.900	-5.800	0.190
-36.800	-5.800	0.186
-36.700	-5.800	0.178
-36.600	-5.800	0.182
-36.500	-5.800	0.184
-36.400	-5.800	0.197
-36.300	-5.800	0.200
-36.200	-5.800	0.264
-36.100	-5.800	0.260
-36.000	-5.800	0.338
-35.900	-5.800	0.272
-35.800	-5.800	0.348
-35.700	-5.800	0.272
-35.600	-5.800	0.338
-35.500	-5.800	0.259
-35.400	-5.800	0.262
-35.300	-5.800	0.197
-35.200	-5.800	0.190
-40.800	-5.900	0.026
-40.700	-5.900	0.026
-40.600	-5.900	0.027
-40.500	-5.900	0.028
-40.400	-5.900	0.029
-40.300	-5.900	0.030
-40.200	-5.900	0.030
-40.100	-5.900	0.035
-40.000	-5.900	0.036
-39.900	-5.900	0.037
-39.800	-5.900	0.039
-39.700	-5.900	0.040
-39.600	-5.900	0.041
-39.500	-5.900	0.042
-39.400	-5.900	0.049
-39.300	-5.900	0.051
-39.200	-5.900	0.053
-39.100	-5.900	0.056
-39.000	-5.900	0.068
-38.900	-5.900	0.073
-38.800	-5.900	0.078
-38.700	-5.900	0.098
-38.600	-5.900	0.126
-38.500	-5.900	0.137
-38.400	-5.900	0.179
-38.300	-5.900	0.192
-38.200	-5.900	0.248
-38.100	-5.900	0.257
-38.000	-5.900	0.280
-37.900	-5.900	0.282
-37.800	-5.900	0.350
-37.700	-5.900	0.295
-37.600	-5.900	0.359
-37.500	-5.900	0.295
-37.400	-5.900	0.350
-37.300	-5.900	0.282
-37.200	-5.900	0.280
-37.100	-5.900	0.259
-37.000	-5.900	0.251
-36.900	-5.900	0.197
-36.800	-5.900	0.190
-36.700	-5.900	0.180
-36.600	-5.900	0.179
-36.500	-5.900	0.179
-36.400	-5.900	0.187
-36.300	-5.900	0.192
-36.200	-5.900	0.204
-36.100	-5.900	0.207
-36.000	-5.900	0.259
-35.900	-5.900	0.255
-35.800	-5.900	0.265
-35.700	-5.900	0.255
-35.600	-5.900	0.258
-35.500	-5.900	0.206
-35.400	-5.900	0.201
-35.300	-5.900	0.187
-35.200	-5.900	0.178
-40.800	-6.000	0.022
-40.700	-6.000	0.025
-40.600	-6.000	0.026
-40.500	-6.000	0.027
-40.400	-6.000	0.028
-40.300	-6.000	0.029
-40.200	-6.000	0.030
-40.100	-6.000	0.030
-40.000	-6.000	0.032
-39.900	-6.000	0.037
-39.800	-6.000	0.038
-39.700	-6.000	0.039
-39.600	-6.000	0.040
-39.500	-6.000	0.042
-39.400	-6.000	0.043
-39.300	-6.000	0.051
-39.200	-6.000	0.054
-39.100	-6.000	0.056
-39.000	-6.000	0.069
-38.900	-6.000	0.074
-38.800	-6.000	0.093
-38.700	-6.000	0.101
-38.600	-6.000	0.132
-38.500	-6.000	0.144
-38.400	-6.000	0.194
-38.300	-6.000	0.205
-38.200	-6.000	0.277
-38.100	-6.000	0.280
-38.000	-6.000	0.375
-37.900	-6.000	0.359
-37.800	-6.000	0.404
-37.700	-6.000	0.376
-37.600	-6.000	0.415
-37.500	-6.000	0.377
-37.400	-6.000	0.405
-37.300	-6.000	0.359
-37.200	-6.000	0.376
-37.100	-6.000	0.281
-37.000	-6.000	0.279
-36.900	-6.000	0.247
-36.800	-6.000	0.243
-36.700	-6.000	0.188
-36.600	-6.000	0.185
-36.500	-6.000	0.180
-36.400	-6.000	0.188
-36.300	-6.000	0.189
-36.200	-6.000	0.246
-36.100	-6.000	0.203
-36.000	-6.000	0.263
-35.900	-6.000	0.252
-35.800	-6.000	0.269
-35.700	-6.000	0.252
-35.600	-6.000	0.262
-35.500	-6.000	0.201
-35.400	-6.000	0.242
-35.300	-6.000	0.183
-35.200	-6.000	0.176
-40.800	-6.100	0.021
-40.700	-6.100	0.022
-40.600	-6.100	0.025
-40.500	-6.100	0.027
-40.400	-6.100	0.028
-40.300	-6.100	0.028
-40.200	-6.100	0.029
-40.100	-6.100	0.029
-40.000	-6.100	0.031
-39.900	-6.100	0.036
-39.800	-6.100	0.037
-39.700	-6.100	0.038
-39.600	-6.100	0.040
-39.500	-6.100	0.041
-39.400	-6.100	0.043
-39.300	-6.100	0.050
-39.200	-6.100	0.053
-39.100	-6.100	0.056
-39.000	-6.100	0.069
-38.900	-6.100	0.075
-38.800	-6.100	0.094
-38.700	-6.100	0.104
-38.600	-6.100	0.135
-38.500	-6.100	0.148
-38.400	-6.100	0.195
-38.300	-6.100	0.209
-38.200	-6.100	0.272
-38.100	-6.100	0.282
-38.000	-6.100	0.358
-37.900	-6.100	0.358
-37.800	-6.100	0.385
-37.700	-6.100	0.376
-37.600	-6.100	0.395
-37.500	-6.100	0.376
-37.400	-6.100	0.386
-37.300	-6.100	0.358
-37.200	-6.100	0.359
-37.100	-6.100	0.283
-37.000	-6.100	0.274
-36.900	-6.100	0.249
-36.800	-6.100	0.201
-36.700	-6.100	0.187
-36.600	-6.100	0.180
-36.500	-6.100	0.147
-36.400	-6.100	0.177
-36.300	-6.100	0.178
-36.200	-6.100	0.188
-36.100	-6.100	0.189
-36.000	-6.100	0.197
-35.900	-6.100	0.197
-35.800	-6.100	0.201
-35.700	-6.100	0.196
-35.600	-6.100	0.197
-35.500	-6.100	0.187
-35.400	-6.100	0.183
-35.300	-6.100	0.143
-35.200	-6.100	0.136
-35.100	-6.100	0.125
-40.800	-6.200	0.021
-40.700	-6.200	0.021
-40.600	-6.200	0.022
-40.500	-6.200	0.026
-40.400	-6.200	0.027
-40.300	-6.200	0.027
-40.200	-6.200	0.028
-40.100	-6.200	0.029
-40.000	-6.200	0.030
-39.900	-6.200	0.031
-39.800	-6.200	0.036
-39.700	-6.200	0.038
-39.600	-6.200	0.039
-39.500	-6.200	0.040
-39.400	-6.200	0.043
-39.300	-6.200	0.050
-39.200	-6.200	0.053
-39.100	-6.200	0.056
-39.000	-6.200	0.070
-38.900	-6.200	0.075
-38.800	-6.200	0.096
-38.700	-6.200	0.106
-38.600	-6.200	0.140
-38.500	-6.200	0.184
-38.400	-6.200	0.251
-38.300	-6.200	0.261
-38.200	-6.200	0.357
-38.100	-6.200	0.351
-38.000	-6.200	0.405
-37.900	-6.200	0.386
-37.800	-6.200	0.515
-37.700	-6.200	0.405
-37.600	-6.200	0.529
-37.500	-6.200	0.405
-37.400	-6.200	0.516
-37.300	-6.200	0.386
-37.200	-6.200	0.405
-37.100	-6.200	0.352
-37.000	-6.200	0.358
-36.900	-6.200	0.264
-36.800	-6.200	0.256
-36.700	-6.200	0.193
-36.600	-6.200	0.184
-36.500	-6.200	0.147
-36.400	-6.200	0.176
-36.300	-6.200	0.145
-36.200	-6.200	0.182
-36.100	-6.200	0.181
-36.000	-6.200	0.191
-35.900	-6.200	0.188
-35.800	-6.200	0.195
-35.700	-6.200	0.187
-35.600	-6.200	0.190
-35.500	-6.200	0.179
-35.400	-6.200	0.176
-35.300	-6.200	0.135
-35.200	-6.200	0.128
-35.100	-6.200	0.099
-40.700	-6.300	0.021
-40.600	-6.300	0.022
-40.500	-6.300	0.023
-40.400	-6.300	0.026
-40.300	-6.300	0.026
-40.200	-6.300	0.027
-40.100	-6.300	0.029
-40.000	-6.300	0.029
-39.900	-6.300	0.030
-39.800	-6.300	0.036
-39.700	-6.300	0.037
-39.600	-6.300	0.038
-39.500	-6.300	0.041
-39.400	-6.300	0.042
-39.300	-6.300	0.050
-39.200	-6.300	0.052
-39.100	-6.300	0.056
-39.000	-6.300	0.069
-38.900	-6.300	0.076
-38.800	-6.300	0.096
-38.700	-6.300	0.126
-38.600	-6.300	0.141
-38.500	-6.300	0.183
-38.400	-6.300	0.204
-38.300	-6.300	0.257
-38.200	-6.300	0.285
-38.100	-6.300	0.295
-38.000	-6.300	0.376
-37.900	-6.300	0.376
-37.800	-6.300	0.405
-37.700	-6.300	0.394
-37.600	-6.300	0.414
-37.500	-6.300	0.394
-37.400	-6.300	0.404
-37.300	-6.300	0.376
-37.200	-6.300	0.376
-37.100	-6.300	0.296
-37.000	-6.300	0.286
-36.900	-6.300	0.259
-36.800	-6.300	0.207
-36.700	-6.300	0.189
-36.600	-6.300	0.178
-36.500	-6.300	0.143
-36.400	-6.300	0.139
-36.300	-6.300	0.137
-36.200	-6.300	0.139
-36.100	-6.300	0.141
-36.000	-6.300	0.144
-35.900	-6.300	0.144
-35.800	-6.300	0.175
-35.700	-6.300	0.143
-35.600	-6.300	0.142
-35.500	-6.300	0.137
-35.400	-6.300	0.133
-35.300	-6.300	0.125
-35.200	-6.300	0.099
-35.100	-6.300	0.093
-40.800	-6.400	0.020
-40.700	-6.400	0.021
-40.600	-6.400	0.021
-40.500	-6.400	0.022
-40.400	-6.400	0.023
-40.300	-6.400	0.026
-40.200	-6.400	0.027
-40.100	-6.400	0.028
-40.000	-6.400	0.029
-39.900	-6.400	0.030
-39.800	-6.400	0.031
-39.700	-6.400	0.037
-39.600	-6.400	0.038
-39.500	-6.400	0.040
-39.400	-6.400	0.042
-39.300	-6.400	0.049
-39.200	-6.400	0.053
-39.100	-6.400	0.056
-39.000	-6.400	0.070
-38.900	-6.400	0.076
-38.800	-6.400	0.097
-38.700	-6.400	0.128
-38.600	-6.400	0.143
-38.500	-6.400	0.188
-38.400	-6.400	0.257
-38.300	-6.400	0.268
-38.200	-6.400	0.367
-38.100	-6.400	0.360
-38.000	-6.400	0.415
-37.900	-6.400	0.396
-37.800	-6.400	0.530
-37.700	-6.400	0.415
-37.600	-6.400	0.543
-37.500	-6.400	0.415
-37.400	-6.400	0.529
-37.300	-6.400	0.396
-37.200	-6.400	0.415
-37.100	-6.400	0.361
-37.000	-6.400	0.367
-36.900	-6.400	0.269
-36.800	-6.400	0.260
-36.700	-6.400	0.193
-36.600	-6.400	0.181
-36.500	-6.400	0.141
-36.400	-6.400	0.135
-36.300	-6.400	0.131
-36.200	-6.400	0.132
-36.100	-6.400	0.132
-36.000	-6.400	0.135
-35.900	-6.400	0.134
-35.800	-6.400	0.135
-35.700	-6.400	0.133
-35.600	-6.400	0.132
-35.500	-6.400	0.127
-35.400	-6.400	0.123
-35.300	-6.400	0.097
-35.200	-6.400	0.092
-35.100	-6.400	0.072
-35.000	-6.400	0.068
-40.700	-6.500	0.021
-40.600	-6.500	0.020
-40.500	-6.500	0.021
-40.400	-6.500	0.022
-40.300	-6.500	0.026
-40.200	-6.500	0.026
-40.100	-6.500	0.027
-40.000	-6.500	0.029
-39.900	-6.500	0.029
-39.800	-6.500	0.031
-39.700	-6.500	0.036
-39.600	-6.500	0.037
-39.500	-6.500	0.039
-39.400	-6.500	0.042
-39.300	-6.500	0.049
-39.200	-6.500	0.052
-39.100	-6.500	0.055
-39.000	-6.500	0.069
-38.900	-6.500	0.075
-38.800	-6.500	0.096
-38.700	-6.500	0.107
-38.600	-6.500	0.140
-38.500	-6.500	0.183
-38.400	-6.500	0.204
-38.300	-6.500	0.257
-38.200	-6.500	0.286
-38.100	-6.500	0.296
-38.000	-6.500	0.376
-37.900	-6.500	0.376
-37.800	-6.500	0.404
-37.700	-6.500	0.394
-37.600	-6.500	0.414
-37.500	-6.500	0.394
-37.400	-6.500	0.405
-37.300	-6.500	0.376
-37.200	-6.500	0.376
-37.100	-6.500	0.296
-37.000	-6.500	0.286
-36.900	-6.500	0.258
-36.800	-6.500	0.206
-36.700	-6.500	0.187
-36.600	-6.500	0.146
-36.500	-6.500	0.136
-36.400	-6.500	0.128
-36.300	-6.500	0.105
-36.200	-6.500	0.104
-36.100	-6.500	0.103
-36.000	-6.500	0.103
-35.900	-6.500	0.103
-35.800	-6.500	0.103
-35.700	-6.500	0.101
-35.600	-6.500	0.100
-35.500	-6.500	0.097
-35.400	-6.500	0.094
-35.300	-6.500	0.089
-35.200	-6.500	0.071
-35.100	-6.500	0.067
-35.000	-6.500	0.054
-40.700	-6.600	0.020
-40.600	-6.600	0.021
-40.500	-6.600	0.021
-40.400	-6.600	0.022
-40.300	-6.600	0.023
-40.200	-6.600	0.026
-40.100	-6.600	0.027
-40.000	-6.600	0.028
-39.900	-6.600	0.029
-39.800	-6.600	0.030
-39.700	-6.600	0.035
-39.600	-6.600	0.037
-39.500	-6.600	0.039
-39.400	-6.600	0.041
-39.300	-6.600	0.049
-39.200	-6.600	0.051
-39.100	-6.600	0.055
-39.000	-6.600	0.068
-38.900	-6.600	0.075
-38.800	-6.600	0.096
-38.700	-6.600	0.105
-38.600	-6.600	0.140
-38.500	-6.600	0.183
-38.400	-6.600	0.251
-38.300	-6.600	0.262
-38.200	-6.600	0.357
-38.100	-6.600	0.351
-38.000	-6.600	0.405
-37.900	-6.600	0.387
-37.800	-6.600	0.516
-37.700	-6.600	0.405
-37.600	-6.600	0.529
-37.500	-6.600	0.405
-37.400	-6.600	0.516
-37.300	-6.600	0.386
-37.200	-6.600	0.405
-37.100	-6.600	0.351
-37.000	-6.600	0.357
-36.900	-6.600	0.262
-36.800	-6.600	0.252
-36.700	-6.600	0.186
-36.600	-6.600	0.173
-36.500	-6.600	0.132
-36.400	-6.600	0.105
-36.300	-6.600	0.101
-36.200	-6.600	0.098
-36.100	-6.600	0.096
-36.000	-6.600	0.096
-35.900	-6.600	0.095
-35.800	-6.600	0.094
-35.700	-6.600	0.092
-35.600	-6.600	0.092
-35.500	-6.600	0.074
-35.400	-6.600	0.071
-35.300	-6.600	0.069
-35.200	-6.600	0.066
-35.100	-6.600	0.054
-35.000	-6.600	0.052
-40.600	-6.700	0.020
-40.500	-6.700	0.020
-40.400	-6.700	0.021
-40.300	-6.700	0.022
-40.200	-6.700	0.026
-40.100	-6.700	0.027
-40.000	-6.700	0.027
-39.900	-6.700	0.029
-39.800	-6.700	0.030
-39.700	-6.700	0.031
-39.600	-6.700	0.037
-39.500	-6.700	0.038
-39.400	-6.700	0.040
-39.300	-6.700	0.043
-39.200	-6.700	0.051
-39.100	-6.700	0.054
-39.000	-6.700	0.067
-38.900	-6.700	0.073
-38.800	-6.700	0.093
-38.700	-6.700	0.103
-38.600	-6.700	0.134
-38.500	-6.700	0.148
-38.400	-6.700	0.195
-38.300	-6.700	0.208
-38.200	-6.700	0.272
-38.100	-6.700	0.282
-38.000	-6.700	0.358
-37.900	-6.700	0.358
-37.800	-6.700	0.385
-37.700	-6.700	0.376
-37.600	-6.700	0.395
-37.500	-6.700	0.376
-37.400	-6.700	0.386
-37.300	-6.700	0.359
-37.200	-6.700	0.358
-37.100	-6.700	0.282
-37.000	-6.700	0.272
-36.900	-6.700	0.210
-36.800	-6.700	0.196
-36.700	-6.700	0.176
-36.600	-6.700	0.138
-36.500	-6.700	0.107
-36.400	-6.700	0.101
-36.300	-6.700	0.095
-36.200	-6.700	0.091
-36.100	-6.700	0.076
-36.000	-6.700	0.075
-35.900	-6.700	0.074
-35.800	-6.700	0.073
-35.700	-6.700	0.072
-35.600	-6.700	0.070
-35.500	-6.700	0.069
-35.400	-6.700	0.067
-35.300	-6.700	0.055
-35.200	-6.700	0.053
-35.100	-6.700	0.051
-35.000	-6.700	0.049
-40.400	-6.800	0.021
-40.300	-6.800	0.022
-40.200	-6.800	0.023
-40.100	-6.800	0.026
-40.000	-6.800	0.027
-39.900	-6.800	0.028
-39.800	-6.800	0.030
-39.700	-6.800	0.030
-39.600	-6.800	0.036
-39.500	-6.800	0.038
-39.400	-6.800	0.040
-39.300	-6.800	0.042
-39.200	-6.800	0.050
-39.100	-6.800	0.054
-39.000	-6.800	0.056
-38.900	-6.800	0.071
-38.800	-6.800	0.077
-38.700	-6.800	0.100
-38.600	-6.800	0.131
-38.500	-6.800	0.144
-38.400	-6.800	0.193
-38.300	-6.800	0.205
-38.200	-6.800	0.277
-38.100	-6.800	0.279
-38.000	-6.800	0.375
-37.900	-6.800	0.359
-37.800	-6.800	0.405
-37.700	-6.800	0.377
-37.600	-6.800	0.414
-37.500	-6.800	0.376
-37.400	-6.800	0.404
-37.300	-6.800	0.359
-37.200	-6.800	0.375
-37.100	-6.800	0.280
-37.000	-6.800	0.277
-36.900	-6.800	0.206
-36.800	-6.800	0.194
-36.700	-6.800	0.145
-36.600	-6.800	0.134
-36.500	-6.800	0.103
-36.400	-6.800	0.096
-36.300	-6.800	0.078
-36.200	-6.800	0.075
-36.100	-6.800	0.073
-36.000	-6.800	0.071
-35.900	-6.800	0.070
-35.800	-6.800	0.068
-35.700	-6.800	0.068
-35.600	-6.800	0.066
-35.500	-6.800	0.055
-35.400	-6.800	0.053
-35.300	-6.800	0.052
-35.200	-6.800	0.050
-35.100	-6.800	0.048
-35.000	-6.800	0.041
-40.400	-6.900	0.020
-40.300	-6.900	0.021
-40.200	-6.900	0.022
-40.100	-6.900	0.026
-40.000	-6.900	0.027
-39.900	-6.900	0.027
-39.800	-6.900	0.029
-39.700	-6.900	0.031
-39.600	-6.900	0.036
-39.500	-6.900	0.037
-39.400	-6.900	0.039
-39.300	-6.900	0.041
-39.200	-6.900	0.049
-39.100	-6.900	0.052
-39.000	-6.900	0.055
-38.900	-6.900	0.069
-38.800	-6.900	0.075
-38.700	-6.900	0.095
-38.600	-6.900	0.105
-38.500	-6.900	0.136
-38.400	-6.900	0.178
-38.300	-6.900	0.191
-38.200	-6.900	0.247
-38.100	-6.900	0.257
-38.000	-6.900	0.279
-37.900	-6.900	0.281
-37.800	-6.900	0.349
-37.700	-6.900	0.295
-37.600	-6.900	0.359
-37.500	-6.900	0.294
-37.400	-6.900	0.350
-37.300	-6.900	0.282
-37.200	-6.900	0.279
-37.100	-6.900	0.257
-37.000	-6.900	0.247
-36.900	-6.900	0.191
-36.800	-6.900	0.178
-36.700	-6.900	0.137
-36.600	-6.900	0.125
-36.500	-6.900	0.098
-36.400	-6.900	0.078
-36.300	-6.900	0.075
-36.200	-6.900	0.071
-36.100	-6.900	0.069
-36.000	-6.900	0.067
-35.900	-6.900	0.056
-35.800	-6.900	0.055
-35.700	-6.900	0.054
-35.600	-6.900	0.052
-35.500	-6.900	0.051
-35.400	-6.900	0.050
-35.300	-6.900	0.049
-35.200	-6.900	0.041
-35.100	-6.900	0.040
-35.000	-6.900	0.039
-34.900	-6.900	0.038
-40.400	-7.000	0.021
-40.300	-7.000	0.021
-40.200	-7.000	0.022
-40.100	-7.000	0.023
-40.000	-7.000	0.026
-39.900	-7.000	0.028
-39.800	-7.000	0.028
-39.700	-7.000	0.030
-39.600	-7.000	0.031
-39.500	-7.000	0.037
-39.400	-7.000	0.039
-39.300	-7.000	0.041
-39.200	-7.000	0.043
-39.100	-7.000	0.051
-39.000	-7.000	0.054
-38.900	-7.000	0.067
-38.800	-7.000	0.072
-38.700	-7.000	0.091
-38.600	-7.000	0.100
-38.500	-7.000	0.130
-38.400	-7.000	0.142
-38.300	-7.000	0.183
-38.200	-7.000	0.244
-38.100	-7.000	0.247
-38.000	-7.000	0.276
-37.900	-7.000	0.272
-37.800	-7.000	0.356
-37.700	-7.000	0.285
-37.600	-7.000	0.365
-37.500	-7.000	0.285
-37.400	-7.000	0.355
-37.300	-7.000	0.272
-37.200	-7.000	0.276
-37.100	-7.000	0.247
-37.000	-7.000	0.243
-36.900	-7.000	0.183
-36.800	-7.000	0.143
-36.700	-7.000	0.130
-36.600	-7.000	0.101
-36.500	-7.000	0.093
-36.400	-7.000	0.075
-36.300	-7.000	0.071
-36.200	-7.000	0.068
-36.100	-7.000	0.057
-36.000	-7.000	0.055
-35.900	-7.000	0.054
-35.800	-7.000	0.052
-35.700	-7.000	0.051
-35.600	-7.000	0.050
-35.500	-7.000	0.048
-35.400	-7.000	0.042
-35.300	-7.000	0.041
-35.200	-7.000	0.040
-35.100	-7.000	0.039
-35.000	-7.000	0.037
-34.900	-7.000	0.036
-40.400	-7.100	0.020
-40.300	-7.100	0.021
-40.200	-7.100	0.021
-40.100	-7.100	0.022
-40.000	-7.100	0.026
-39.900	-7.100	0.027
-39.800	-7.100	0.028
-39.700	-7.100	0.029
-39.600	-7.100	0.031
-39.500	-7.100	0.036
-39.400	-7.100	0.037
-39.300	-7.100	0.040
-39.200	-7.100	0.042
-39.100	-7.100	0.050
-39.000	-7.100	0.053
-38.900	-7.100	0.055
-38.800	-7.100	0.070
-38.700	-7.100	0.075
-38.600	-7.100	0.094
-38.500	-7.100	0.103
-38.400	-7.100	0.132
-38.300	-7.100	0.141
-38.200	-7.100	0.181
-38.100	-7.100	0.190
-38.000	-7.100	0.205
-37.900	-7.100	0.208
-37.800	-7.100	0.260
-37.700	-7.100	0.256
-37.600	-7.100	0.266
-37.500	-7.100	0.256
-37.400	-7.100	0.260
-37.300	-7.100	0.209
-37.200	-7.100	0.205
-37.100	-7.100	0.191
-37.000	-7.100	0.182
-36.900	-7.100	0.142
-36.800	-7.100	0.132
-36.700	-7.100	0.103
-36.600	-7.100	0.096
-36.500	-7.100	0.077
-36.400	-7.100	0.072
-36.300	-7.100	0.069
-36.200	-7.100	0.056
-36.100	-7.100	0.055
-36.000	-7.100	0.053
-35.900	-7.100	0.052
-35.800	-7.100	0.050
-35.700	-7.100	0.049
-35.600	-7.100	0.042
-35.500	-7.100	0.041
-35.400	-7.100	0.040
-35.300	-7.100	0.039
-35.200	-7.100	0.038
-35.100	-7.100	0.037
-35.000	-7.100	0.036
-34.900	-7.100	0.030
-40.500	-7.200	0.019
-40.400	-7.200	0.019
-40.300	-7.200	0.020
-40.200	-7.200	0.020
-40.100	-7.200	0.021
-40.000	-7.200	0.025
-39.900	-7.200	0.026
-39.800	-7.200	0.028
-39.700	-7.200	0.028
-39.600	-7.200	0.030
-39.500	-7.200	0.036
-39.400	-7.200	0.037
-39.300	-7.200	0.039
-39.200	-7.200	0.041
-39.100	-7.200	0.048
-39.000	-7.200	0.050
-38.900	-7.200	0.054
-38.800	-7.200	0.057
-38.700	-7.200	0.071
-38.600	-7.200	0.074
-38.500	-7.200	0.096
-38.400	-7.200	0.103
-38.300	-7.200	0.132
-38.200	-7.200	0.142
-38.100	-7.200	0.177
-38.000	-7.200	0.192
-37.900	-7.200	0.194
-37.800	-7.200	0.249
-37.700	-7.200	0.203
-37.600	-7.200	0.255
-37.500	-7.200	0.203
-37.400	-7.200	0.249
-37.300	-7.200	0.195
-37.200	-7.200	0.192
-37.100	-7.200	0.178
-37.000	-7.200	0.143
-36.900	-7.200	0.131
-36.800	-7.200	0.104
-36.700	-7.200	0.097
-36.600	-7.200	0.077
-36.500	-7.200	0.073
-36.400	-7.200	0.068
-36.300	-7.200	0.057
-36.200	-7.200	0.054
-36.100	-7.200	0.053
-36.000	-7.200	0.050
-35.900	-7.200	0.049
-35.800	-7.200	0.043
-35.700	-7.200	0.042
-35.600	-7.200	0.040
-35.500	-7.200	0.039
-35.400	-7.200	0.038
-35.300	-7.200	0.037
-35.200	-7.200	0.037
-35.100	-7.200	0.035
-35.000	-7.200	0.030
-34.900	-7.200	0.029
-34.800	-7.200	0.028
-40.500	-7.300	0.019
-40.400	-7.300	0.019
-40.300	-7.300	0.020
-40.200	-7.300	0.021
-40.100	-7.300	0.021
-40.000	-7.300	0.022
-39.900	-7.300	0.026
-39.800	-7.300	0.027
-39.700	-7.300	0.028
-39.600	-7.300	0.029
-39.500	-7.300	0.031
-39.400	-7.300	0.036
-39.300	-7.300	0.038
-39.200	-7.300	0.040
-39.100	-7.300	0.042
-39.000	-7.300	0.049
-38.900	-7.300	0.052
-38.800	-7.300	0.055
-38.700	-7.300	0.067
-38.600	-7.300	0.072
-38.500	-7.300	0.076
-38.400	-7.300	0.096
-38.300	-7.300	0.102
-38.200	-7.300	0.129
-38.100	-7.300	0.135
-38.000	-7.300	0.143
-37.900	-7.300	0.147
-37.800	-7.300	0.182
-37.700	-7.300	0.181
-37.600	-7.300	0.186
-37.500	-7.300	0.181
-37.400	-7.300	0.182
-37.100	-7.300	0.136
-37.000	-7.300	0.129
-36.900	-7.300	0.103
-36.800	-7.300	0.097
-36.700	-7.300	0.076
-36.600	-7.300	0.073
-36.500	-7.300	0.069
-36.400	-7.300	0.056
-36.300	-7.300	0.054
-36.200	-7.300	0.052
-36.100	-7.300	0.050
-36.000	-7.300	0.048
-35.900	-7.300	0.042
-35.800	-7.300	0.040
-35.700	-7.300	0.040
-35.600	-7.300	0.039
-35.500	-7.300	0.038
-35.400	-7.300	0.037
-35.300	-7.300	0.035
-35.200	-7.300	0.031
-35.100	-7.300	0.029
-35.000	-7.300	0.029
-34.900	-7.300	0.028
-34.800	-7.300	0.027
-39.600	-7.400	0.028
-39.500	-7.400	0.030
-39.400	-7.400	0.035
-39.300	-7.400	0.037
-39.200	-7.400	0.038
-39.100	-7.400	0.041
-39.000	-7.400	0.042
-38.900	-7.400	0.050
-38.800	-7.400	0.052
-38.700	-7.400	0.055
-38.600	-7.400	0.067
-38.500	-7.400	0.072
-38.400	-7.400	0.075
-38.300	-7.400	0.094
-38.200	-7.400	0.100
-38.100	-7.400	0.105
-38.000	-7.400	0.130
-37.900	-7.400	0.133
-37.800	-7.400	0.138
-37.700	-7.400	0.139
-37.600	-7.400	0.142
-37.500	-7.400	0.140
-37.000	-7.400	0.099
-36.900	-7.400	0.095
-36.800	-7.400	0.075
-36.700	-7.400	0.072
-36.600	-7.400	0.068
-36.500	-7.400	0.057
-36.400	-7.400	0.054
-36.300	-7.400	0.052
-36.200	-7.400	0.049
-36.100	-7.400	0.043
-36.000	-7.400	0.042
-35.900	-7.400	0.040
-35.800	-7.400	0.039
-35.700	-7.400	0.038
-35.600	-7.400	0.037
-35.500	-7.400	0.036
-35.400	-7.400	0.035
-35.100	-7.400	0.029
-35.000	-7.400	0.028
-34.900	-7.400	0.027
-39.400	-7.500	0.030
-39.300	-7.500	0.036
-39.200	-7.500	0.037
-39.100	-7.500	0.039
-39.000	-7.500	0.040
-38.900	-7.500	0.043
-38.800	-7.500	0.050
-38.700	-7.500	0.052
-38.600	-7.500	0.055
-38.500	-7.500	0.067
-38.400	-7.500	0.071
-38.300	-7.500	0.074
-38.200	-7.500	0.091
-38.100	-7.500	0.095
-38.000	-7.500	0.099
-37.900	-7.500	0.102
-37.800	-7.500	0.105
-37.700	-7.500	0.106
-37.600	-7.500	0.126
-37.000	-7.500	0.091
-36.900	-7.500	0.075
-36.800	-7.500	0.071
-36.700	-7.500	0.068
-36.600	-7.500	0.056
-36.500	-7.500	0.054
-36.400	-7.500	0.051
-36.300	-7.500	0.050
-36.200	-7.500	0.042
-36.100	-7.500	0.041
-36.000	-7.500	0.040
-35.900	-7.500	0.039
-35.800	-7.500	0.038
-35.700	-7.500	0.037
-35.600	-7.500	0.035
-34.900	-7.500	0.026
-39.400	-7.600	0.029
-39.300	-7.600	0.031
-39.200	-7.600	0.036
-39.100	-7.600	0.038
-39.000	-7.600	0.039
-38.900	-7.600	0.041
-38.800	-7.600	0.043
-38.700	-7.600	0.050
-38.600	-7.600	0.052
-38.500	-7.600	0.055
-38.400	-7.600	0.056
-38.300	-7.600	0.069
-38.200	-7.600	0.072
-38.100	-7.600	0.074
-38.000	-7.600	0.076
-37.900	-7.600	0.092
-37.800	-7.600	0.094
-37.100	-7.600	0.075
-37.000	-7.600	0.072
-36.900	-7.600	0.069
-36.800	-7.600	0.057
-36.700	-7.600	0.055
-36.600	-7.600	0.053
-36.500	-7.600	0.051
-36.400	-7.600	0.049
-36.300	-7.600	0.043
-36.200	-7.600	0.041
-36.100	-7.600	0.040
-36.000	-7.600	0.039
-35.900	-7.600	0.037
-35.800	-7.600	0.037
-35.700	-7.600	0.035
-35.600	-7.600	0.031
-39.100	-7.700	0.037
-39.000	-7.700	0.038
-38.900	-7.700	0.039
-38.600	-7.700	0.049
-38.500	-7.700	0.052
-38.400	-7.700	0.053
-38.300	-7.700	0.055
-38.200	-7.700	0.067
-38.100	-7.700	0.068
-38.000	-7.700	0.071
-37.100	-7.700	0.069
-37.000	-7.700	0.067
-36.900	-7.700	0.056
-36.800	-7.700	0.053
-36.700	-7.700	0.052
-36.600	-7.700	0.051
-36.500	-7.700	0.048
-36.400	-7.700	0.042
-36.300	-7.700	0.041
-36.200	-7.700	0.039
-36.100	-7.700	0.038
-36.000	-7.700	0.037
-35.900	-7.700	0.036
-35.800	-7.700	0.030
-35.700	-7.700	0.030
-39.000	-7.800	0.037
-38.200	-7.800	0.054
-38.100	-7.800	0.055
-37.100	-7.800	0.055
-37.000	-7.800	0.054
-36.900	-7.800	0.053
-36.800	-7.800	0.051
-36.700	-7.800	0.049
-36.600	-7.800	0.043
-36.500	-7.800	0.041
-36.400	-7.800	0.040
-36.300	-7.800	0.039
-36.000	-7.800	0.036
-37.200	-7.900	0.053
-37.100	-7.900	0.052
-37.000	-7.900	0.050
-36.900	-7.900	0.050
-36.800	-7.900	0.048
-36.700	-7.900	0.042
-36.600	-7.900	0.041
-36.500	-7.900	0.039
-37.100	-8.000	0.048
-37.000	-8.000	0.042
-36.900	-8.000	0.042
-36.800	-8.000	0.041
-36.700	-8.000	0.040
-37.100	-8.100	0.041
-37.000	-8.100	0.041
-36.900	-8.100	0.040
-36.800	-8.100	0.038
-36.700	-8.100	0.038
-37.100	-8.200	0.038
-37.000	-8.200	0.038
-36.900	-8.200	0.038
