-40.500	-2.800	0.117
-41.200	-2.900	0.096
-41.100	-2.900	0.100
-41.000	-2.900	0.103
-40.900	-2.900	0.107
-40.800	-2.900	0.112
-40.700	-2.900	0.115
-40.600	-2.900	0.118
-40.500	-2.900	0.145
-40.400	-2.900	0.150
-40.300	-2.900	0.155
-40.200	-2.900	0.159
-40.100	-2.900	0.163
-40.000	-2.900	0.166
-39.900	-2.900	0.167
-41.200	-3.000	0.099
-41.100	-3.000	0.102
-41.000	-3.000	0.107
-40.900	-3.000	0.112
-40.800	-3.000	0.115
-40.700	-3.000	0.120
-40.600	-3.000	0.146
-40.500	-3.000	0.153
-40.400	-3.000	0.159
-40.300	-3.000	0.164
-40.200	-3.000	0.207
-40.100	-3.000	0.213
-40.000	-3.000	0.219
-39.900	-3.000	0.221
-39.800	-3.000	0.223
-39.700	-3.000	0.222
-41.200	-3.100	0.101
-41.100	-3.100	0.106
-41.000	-3.100	0.110
-40.900	-3.100	0.115
-40.800	-3.100	0.119
-40.700	-3.100	0.148
-40.600	-3.100	0.155
-40.500	-3.100	0.162
-40.400	-3.100	0.169
-40.300	-3.100	0.215
-40.200	-3.100	0.224
-40.100	-3.100	0.230
-40.000	-3.100	0.237
-39.900	-3.100	0.239
-39.800	-3.100	0.242
-39.700	-3.100	0.240
-39.600	-3.100	0.238
-41.300	-3.200	0.100
-41.200	-3.200	0.105
-41.100	-3.200	0.109
-41.000	-3.200	0.113
-40.900	-3.200	0.119
-40.800	-3.200	0.147
-40.700	-3.200	0.155
-40.600	-3.200	0.163
-40.500	-3.200	0.209
-40.400	-3.200	0.221
-40.300	-3.200	0.232
-40.200	-3.200	0.243
-40.100	-3.200	0.305
-40.000	-3.200	0.320
-39.900	-3.200	0.320
-39.800	-3.200	0.328
-39.700	-3.200	0.320
-39.600	-3.200	0.322
-39.500	-3.200	0.309
-39.400	-3.200	0.305
-41.300	-3.300	0.102
-41.200	-3.300	0.106
-41.100	-3.300	0.111
-41.000	-3.300	0.117
-40.900	-3.300	0.145
-40.800	-3.300	0.154
-40.700	-3.300	0.162
-40.600	-3.300	0.208
-40.500	-3.300	0.222
-40.400	-3.300	0.236
-40.300	-3.300	0.247
-40.200	-3.300	0.320
-40.100	-3.300	0.328
-40.000	-3.300	0.341
-39.900	-3.300	0.342
-39.800	-3.300	0.349
-39.700	-3.300	0.343
-39.600	-3.300	0.343
-39.500	-3.300	0.332
-39.400	-3.300	0.324
-39.300	-3.300	0.309
-39.200	-3.300	0.247
-41.300	-3.400	0.104
-41.200	-3.400	0.109
-41.100	-3.400	0.114
-41.000	-3.400	0.120
-40.900	-3.400	0.149
-40.800	-3.400	0.159
-40.700	-3.400	0.169
-40.600	-3.400	0.222
-40.500	-3.400	0.235
-40.400	-3.400	0.313
-40.300	-3.400	0.326
-40.200	-3.400	0.350
-40.100	-3.400	0.356
-40.000	-3.400	0.473
-39.900	-3.400	0.371
-39.800	-3.400	0.485
-39.700	-3.400	0.373
-39.600	-3.400	0.474
-39.500	-3.400	0.359
-39.400	-3.400	0.356
-39.300	-3.400	0.335
-39.200	-3.400	0.328
-39.100	-3.400	0.309
-41.300	-3.500	0.106
-41.200	-3.500	0.111
-41.100	-3.500	0.116
-41.000	-3.500	0.145
-40.900	-3.500	0.155
-40.800	-3.500	0.164
-40.700	-3.500	0.214
-40.600	-3.500	0.231
-40.500	-3.500	0.246
-40.400	-3.500	0.326
-40.300	-3.500	0.342
-40.200	-3.500	0.364
-40.100	-3.500	0.373
-40.000	-3.500	0.482
-39.900	-3.500	0.478
-39.800	-3.500	0.494
-39.700	-3.500	0.479
-39.600	-3.500	0.483
-39.500	-3.500	0.377
-39.400	-3.500	0.370
-39.300	-3.500	0.353
-39.200	-3.500	0.344
-39.100	-3.500	0.327
-39.000	-3.500	0.319
-41.300	-3.600	0.107
-41.200	-3.600	0.113
-41.100	-3.600	0.119
-41.000	-3.600	0.148
-40.900	-3.600	0.158
-40.800	-3.600	0.206
-40.700	-3.600	0.223
-40.600	-3.600	0.243
-40.500	-3.600	0.319
-40.400	-3.600	0.350
-40.300	-3.600	0.363
-40.200	-3.600	0.497
-40.100	-3.600	0.493
-40.000	-3.600	0.535
-39.900	-3.600	0.517
-39.800	-3.600	0.549
-39.700	-3.600	0.518
-39.600	-3.600	0.537
-39.500	-3.600	0.497
-39.400	-3.600	0.505
-39.300	-3.600	0.462
-39.200	-3.600	0.461
-39.100	-3.600	0.350
-39.000	-3.600	0.345
-38.900	-3.600	0.332
-38.800	-3.600	0.335
-41.200	-3.700	0.114
-41.100	-3.700	0.142
-41.000	-3.700	0.152
-40.900	-3.700	0.162
-40.800	-3.700	0.211
-40.700	-3.700	0.230
-40.600	-3.700	0.305
-40.500	-3.700	0.328
-40.400	-3.700	0.356
-40.300	-3.700	0.372
-40.200	-3.700	0.493
-40.100	-3.700	0.501
-40.000	-3.700	0.530
-39.900	-3.700	0.526
-39.800	-3.700	0.542
-39.700	-3.700	0.527
-39.600	-3.700	0.532
-39.500	-3.700	0.507
-39.400	-3.700	0.503
-39.300	-3.700	0.472
-39.200	-3.700	0.463
-39.100	-3.700	0.363
-39.000	-3.700	0.357
-38.900	-3.700	0.349
-38.800	-3.700	0.352
-38.700	-3.700	0.348
-38.600	-3.700	0.354
-41.200	-3.800	0.115
-41.100	-3.800	0.143
-41.000	-3.800	0.153
-40.900	-3.800	0.165
-40.800	-3.800	0.218
-40.700	-3.800	0.236
-40.600	-3.800	0.321
-40.500	-3.800	0.341
-40.400	-3.800	0.472
-40.300	-3.800	0.481
-40.200	-3.800	0.535
-40.100	-3.800	0.530
-40.000	-3.800	0.716
-39.900	-3.800	0.554
-39.800	-3.800	0.736
-39.700	-3.800	0.557
-39.600	-3.800	0.720
-39.500	-3.800	0.536
-39.400	-3.800	0.546
-39.300	-3.800	0.502
-39.200	-3.800	0.505
-39.100	-3.800	0.468
-39.000	-3.800	0.478
-38.900	-3.800	0.371
-38.800	-3.800	0.475
-38.700	-3.800	0.374
-38.600	-3.800	0.486
-38.500	-3.800	0.466
-41.200	-3.900	0.116
-41.100	-3.900	0.145
-41.000	-3.900	0.155
-40.900	-3.900	0.166
-40.800	-3.900	0.219
-40.700	-3.900	0.238
-40.600	-3.900	0.319
-40.500	-3.900	0.343
-40.400	-3.900	0.371
-40.300	-3.900	0.478
-40.200	-3.900	0.517
-40.100	-3.900	0.526
-40.000	-3.900	0.555
-39.900	-3.900	0.550
-39.800	-3.900	0.568
-39.700	-3.900	0.553
-39.600	-3.900	0.558
-39.500	-3.900	0.533
-39.400	-3.900	0.530
-39.300	-3.900	0.501
-39.200	-3.900	0.496
-39.100	-3.900	0.473
-39.000	-3.900	0.476
-38.900	-3.900	0.465
-38.800	-3.900	0.479
-38.700	-3.900	0.475
-38.600	-3.900	0.492
-38.500	-3.900	0.485
-38.400	-3.900	0.497
-41.200	-4.000	0.116
-41.100	-4.000	0.145
-41.000	-4.000	0.156
-40.900	-4.000	0.167
-40.800	-4.000	0.222
-40.700	-4.000	0.241
-40.600	-4.000	0.327
-40.500	-4.000	0.348
-40.400	-4.000	0.485
-40.300	-4.000	0.493
-40.200	-4.000	0.548
-40.100	-4.000	0.542
-40.000	-4.000	0.735
-39.900	-4.000	0.568
-39.800	-4.000	0.756
-39.700	-4.000	0.570
-39.600	-4.000	0.741
-39.500	-4.000	0.551
-39.400	-4.000	0.698
-39.300	-4.000	0.520
-39.200	-4.000	0.530
-39.100	-4.000	0.497
-39.000	-4.000	0.515
-38.900	-4.000	0.495
-38.800	-4.000	0.525
-38.700	-4.000	0.510
-38.600	-4.000	0.544
-38.500	-4.000	0.522
-38.400	-4.000	0.551
-38.300	-4.000	0.519
-41.100	-4.100	0.144
-41.000	-4.100	0.155
-40.900	-4.100	0.166
-40.800	-4.100	0.220
-40.700	-4.100	0.238
-40.600	-4.100	0.319
-40.500	-4.100	0.342
-40.400	-4.100	0.371
-40.300	-4.100	0.478
-40.200	-4.100	0.517
-40.100	-4.100	0.525
-40.000	-4.100	0.555
-39.900	-4.100	0.551
-39.800	-4.100	0.569
-39.700	-4.100	0.554
-39.600	-4.100	0.560
-39.500	-4.100	0.536
-39.400	-4.100	0.535
-39.300	-4.100	0.509
-39.200	-4.100	0.508
-39.100	-4.100	0.492
-39.000	-4.100	0.502
-38.900	-4.100	0.497
-38.800	-4.100	0.517
-38.700	-4.100	0.516
-38.600	-4.100	0.538
-38.500	-4.100	0.530
-38.400	-4.100	0.544
-38.300	-4.100	0.527
-38.200	-4.100	0.530
-41.100	-4.200	0.144
-41.000	-4.200	0.154
-40.900	-4.200	0.165
-40.800	-4.200	0.217
-40.700	-4.200	0.236
-40.600	-4.200	0.320
-40.500	-4.200	0.341
-40.400	-4.200	0.473
-40.300	-4.200	0.482
-40.200	-4.200	0.535
-40.100	-4.200	0.529
-40.000	-4.200	0.716
-39.900	-4.200	0.556
-39.800	-4.200	0.737
-39.700	-4.200	0.558
-39.600	-4.200	0.724
-39.500	-4.200	0.542
-39.400	-4.200	0.688
-39.300	-4.200	0.518
-39.200	-4.200	0.533
-39.100	-4.200	0.506
-39.000	-4.200	0.533
-38.900	-4.200	0.518
-38.800	-4.200	0.688
-38.700	-4.200	0.542
-38.600	-4.200	0.725
-38.500	-4.200	0.558
-38.400	-4.200	0.738
-38.300	-4.200	0.555
-38.200	-4.200	0.717
-38.100	-4.200	0.530
-41.100	-4.300	0.142
-41.000	-4.300	0.152
-40.900	-4.300	0.162
-40.800	-4.300	0.212
-40.700	-4.300	0.230
-40.600	-4.300	0.305
-40.500	-4.300	0.328
-40.400	-4.300	0.356
-40.300	-4.300	0.373
-40.200	-4.300	0.493
-40.100	-4.300	0.501
-40.000	-4.300	0.530
-39.900	-4.300	0.526
-39.800	-4.300	0.545
-39.700	-4.300	0.530
-39.600	-4.300	0.537
-39.500	-4.300	0.516
-39.400	-4.300	0.517
-39.300	-4.300	0.498
-39.200	-4.300	0.502
-39.100	-4.300	0.492
-39.000	-4.300	0.509
-38.900	-4.300	0.510
-38.800	-4.300	0.535
-38.700	-4.300	0.536
-38.600	-4.300	0.560
-38.500	-4.300	0.553
-38.400	-4.300	0.569
-38.300	-4.300	0.551
-38.200	-4.300	0.555
-38.100	-4.300	0.525
-38.000	-4.300	0.517
-41.100	-4.400	0.119
-41.000	-4.400	0.148
-40.900	-4.400	0.159
-40.800	-4.400	0.207
-40.700	-4.400	0.224
-40.600	-4.400	0.243
-40.500	-4.400	0.320
-40.400	-4.400	0.351
-40.300	-4.400	0.364
-40.200	-4.400	0.497
-40.100	-4.400	0.493
-40.000	-4.400	0.536
-39.900	-4.400	0.518
-39.800	-4.400	0.551
-39.700	-4.400	0.523
-39.600	-4.400	0.544
-39.500	-4.400	0.510
-39.400	-4.400	0.525
-39.300	-4.400	0.495
-39.200	-4.400	0.515
-39.100	-4.400	0.497
-39.000	-4.400	0.530
-38.900	-4.400	0.521
-38.800	-4.400	0.699
-38.700	-4.400	0.552
-38.600	-4.400	0.741
-38.500	-4.400	0.571
-38.400	-4.400	0.756
-38.300	-4.400	0.569
-38.200	-4.400	0.735
-38.100	-4.400	0.543
-38.000	-4.400	0.549
-37.900	-4.400	0.494
-37.800	-4.400	0.486
-41.100	-4.500	0.117
-41.000	-4.500	0.146
-40.900	-4.500	0.155
-40.800	-4.500	0.165
-40.700	-4.500	0.215
-40.600	-4.500	0.232
-40.500	-4.500	0.247
-40.400	-4.500	0.327
-40.300	-4.500	0.343
-40.200	-4.500	0.365
-40.100	-4.500	0.374
-40.000	-4.500	0.482
-39.900	-4.500	0.481
-39.800	-4.500	0.497
-39.700	-4.500	0.485
-39.600	-4.500	0.492
-39.500	-4.500	0.475
-39.400	-4.500	0.480
-39.300	-4.500	0.466
-39.200	-4.500	0.476
-39.100	-4.500	0.474
-39.000	-4.500	0.497
-38.900	-4.500	0.501
-38.800	-4.500	0.530
-38.700	-4.500	0.533
-38.600	-4.500	0.559
-38.500	-4.500	0.553
-38.400	-4.500	0.569
-38.300	-4.500	0.551
-38.200	-4.500	0.555
-38.100	-4.500	0.526
-38.000	-4.500	0.518
-37.900	-4.500	0.480
-37.800	-4.500	0.374
-41.200	-4.600	0.110
-41.100	-4.600	0.115
-41.000	-4.600	0.141
-40.900	-4.600	0.150
-40.800	-4.600	0.160
-40.700	-4.600	0.169
-40.600	-4.600	0.222
-40.500	-4.600	0.237
-40.400	-4.600	0.314
-40.300	-4.600	0.327
-40.200	-4.600	0.351
-40.100	-4.600	0.357
-40.000	-4.600	0.474
-39.900	-4.600	0.460
-39.800	-4.600	0.489
-39.700	-4.600	0.466
-39.600	-4.600	0.485
-39.500	-4.600	0.374
-39.400	-4.600	0.475
-39.300	-4.600	0.371
-39.200	-4.600	0.477
-39.100	-4.600	0.469
-39.000	-4.600	0.506
-38.900	-4.600	0.502
-38.800	-4.600	0.546
-38.700	-4.600	0.536
-38.600	-4.600	0.720
-38.500	-4.600	0.557
-38.400	-4.600	0.736
-38.300	-4.600	0.555
-38.200	-4.600	0.717
-38.100	-4.600	0.530
-38.000	-4.600	0.536
-37.900	-4.600	0.484
-37.800	-4.600	0.475
-37.700	-4.600	0.346
-41.200	-4.700	0.108
-41.100	-4.700	0.113
-41.000	-4.700	0.118
-40.900	-4.700	0.145
-40.800	-4.700	0.154
-40.700	-4.700	0.163
-40.600	-4.700	0.209
-40.500	-4.700	0.223
-40.400	-4.700	0.237
-40.300	-4.700	0.248
-40.200	-4.700	0.320
-40.100	-4.700	0.329
-40.000	-4.700	0.343
-39.900	-4.700	0.346
-39.800	-4.700	0.353
-39.700	-4.700	0.351
-39.600	-4.700	0.354
-39.500	-4.700	0.348
-39.400	-4.700	0.352
-39.300	-4.700	0.350
-39.200	-4.700	0.358
-39.100	-4.700	0.363
-39.000	-4.700	0.464
-38.900	-4.700	0.473
-38.800	-4.700	0.503
-38.700	-4.700	0.508
-38.600	-4.700	0.533
-38.500	-4.700	0.528
-38.400	-4.700	0.543
-38.300	-4.700	0.526
-38.200	-4.700	0.531
-38.100	-4.700	0.503
-38.000	-4.700	0.495
-37.900	-4.700	0.377
-37.800	-4.700	0.361
-37.700	-4.700	0.335
-37.600	-4.700	0.315
-37.500	-4.700	0.245
-37.400	-4.700	0.231
-41.200	-4.800	0.106
-41.100	-4.800	0.110
-41.000	-4.800	0.115
-40.900	-4.800	0.120
-40.800	-4.800	0.148
-40.700	-4.800	0.156
-40.600	-4.800	0.164
-40.500	-4.800	0.210
-40.400	-4.800	0.223
-40.300	-4.800	0.233
-40.200	-4.800	0.244
-40.100	-4.800	0.308
-40.000	-4.800	0.323
-39.900	-4.800	0.323
-39.800	-4.800	0.333
-39.700	-4.800	0.328
-39.600	-4.800	0.335
-39.500	-4.800	0.328
-39.400	-4.800	0.335
-39.300	-4.800	0.333
-39.200	-4.800	0.346
-39.100	-4.800	0.351
-39.000	-4.800	0.462
-38.900	-4.800	0.462
-38.800	-4.800	0.506
-38.700	-4.800	0.499
-38.600	-4.800	0.539
-38.500	-4.800	0.520
-38.400	-4.800	0.550
-38.300	-4.800	0.519
-38.200	-4.800	0.538
-38.100	-4.800	0.496
-38.000	-4.800	0.500
-37.900	-4.800	0.371
-37.800	-4.800	0.358
-37.700	-4.800	0.331
-37.600	-4.800	0.314
-37.500	-4.800	0.244
-37.400	-4.800	0.232
-37.300	-4.800	0.221
-41.200	-4.900	0.103
-41.100	-4.900	0.108
-41.000	-4.900	0.112
-40.900	-4.900	0.116
-40.800	-4.900	0.142
-40.700	-4.900	0.149
-40.600	-4.900	0.157
-40.500	-4.900	0.164
-40.400	-4.900	0.171
-40.300	-4.900	0.216
-40.200	-4.900	0.226
-40.100	-4.900	0.233
-40.000	-4.900	0.240
-39.900	-4.900	0.243
-39.800	-4.900	0.248
-39.700	-4.900	0.249
-39.600	-4.900	0.251
-39.500	-4.900	0.252
-39.400	-4.900	0.255
-39.300	-4.900	0.258
-39.200	-4.900	0.321
-39.100	-4.900	0.329
-39.000	-4.900	0.345
-38.900	-4.900	0.355
-38.800	-4.900	0.373
-38.700	-4.900	0.379
-38.600	-4.900	0.486
-38.500	-4.900	0.482
-38.400	-4.900	0.496
-38.300	-4.900	0.482
-38.200	-4.900	0.486
-38.100	-4.900	0.379
-38.000	-4.900	0.372
-37.900	-4.900	0.353
-37.800	-4.900	0.340
-37.700	-4.900	0.319
-37.600	-4.900	0.255
-37.500	-4.900	0.243
-37.400	-4.900	0.233
-37.300	-4.900	0.224
-41.100	-5.000	0.104
-41.000	-5.000	0.108
-40.900	-5.000	0.113
-40.800	-5.000	0.117
-40.700	-5.000	0.143
-40.600	-5.000	0.149
-40.500	-5.000	0.156
-40.400	-5.000	0.162
-40.300	-5.000	0.168
-40.200	-5.000	0.210
-40.100	-5.000	0.216
-40.000	-5.000	0.223
-39.900	-5.000	0.227
-39.800	-5.000	0.231
-39.700	-5.000	0.233
-39.600	-5.000	0.235
-39.500	-5.000	0.237
-39.400	-5.000	0.241
-39.300	-5.000	0.245
-39.200	-5.000	0.252
-39.100	-5.000	0.312
-39.000	-5.000	0.331
-38.900	-5.000	0.339
-38.800	-5.000	0.359
-38.700	-5.000	0.363
-38.600	-5.000	0.478
-38.500	-5.000	0.463
-38.400	-5.000	0.490
-38.300	-5.000	0.465
-38.200	-5.000	0.481
-38.100	-5.000	0.368
-38.000	-5.000	0.365
-37.900	-5.000	0.345
-37.800	-5.000	0.337
-37.700	-5.000	0.316
-37.600	-5.000	0.255
-37.500	-5.000	0.246
-37.400	-5.000	0.239
-37.300	-5.000	0.231
-37.200	-5.000	0.224
-37.100	-5.000	0.220
-37.000	-5.000	0.218
-36.900	-5.000	0.219
-41.000	-5.100	0.105
-40.900	-5.100	0.110
-40.800	-5.100	0.114
-40.700	-5.100	0.117
-40.600	-5.100	0.142
-40.500	-5.100	0.148
-40.400	-5.100	0.154
-40.300	-5.100	0.158
-40.200	-5.100	0.164
-40.100	-5.100	0.168
-40.000	-5.100	0.172
-39.900	-5.100	0.175
-39.800	-5.100	0.213
-39.700	-5.100	0.216
-39.600	-5.100	0.219
-39.500	-5.100	0.221
-39.400	-5.100	0.225
-39.300	-5.100	0.230
-39.200	-5.100	0.237
-39.100	-5.100	0.244
-39.000	-5.100	0.254
-38.900	-5.100	0.314
-38.800	-5.100	0.330
-38.700	-5.100	0.338
-38.600	-5.100	0.350
-38.500	-5.100	0.353
-38.400	-5.100	0.360
-38.300	-5.100	0.356
-38.200	-5.100	0.358
-38.100	-5.100	0.349
-38.000	-5.100	0.345
-37.900	-5.100	0.334
-37.800	-5.100	0.326
-37.700	-5.100	0.264
-37.600	-5.100	0.258
-37.500	-5.100	0.251
-37.400	-5.100	0.245
-37.300	-5.100	0.239
-37.200	-5.100	0.235
-37.100	-5.100	0.230
-37.000	-5.100	0.228
-36.900	-5.100	0.229
-36.800	-5.100	0.232
-36.700	-5.100	0.238
-36.600	-5.100	0.248
-36.500	-5.100	0.310
-36.400	-5.100	0.332
-36.300	-5.100	0.346
-36.200	-5.100	0.366
-36.100	-5.100	0.374
-36.000	-5.100	0.482
-35.900	-5.100	0.478
-35.800	-5.100	0.493
-40.900	-5.200	0.106
-40.800	-5.200	0.110
-40.700	-5.200	0.114
-40.600	-5.200	0.118
-40.500	-5.200	0.121
-40.400	-5.200	0.145
-40.300	-5.200	0.150
-40.200	-5.200	0.155
-40.100	-5.200	0.159
-40.000	-5.200	0.162
-39.900	-5.200	0.165
-39.800	-5.200	0.169
-39.700	-5.200	0.171
-39.600	-5.200	0.174
-39.500	-5.200	0.177
-39.400	-5.200	0.180
-39.300	-5.200	0.218
-39.200	-5.200	0.225
-39.100	-5.200	0.232
-39.000	-5.200	0.241
-38.900	-5.200	0.249
-38.800	-5.200	0.313
-38.700	-5.200	0.320
-38.600	-5.200	0.334
-38.500	-5.200	0.336
-38.400	-5.200	0.346
-38.300	-5.200	0.343
-38.200	-5.200	0.349
-38.100	-5.200	0.342
-38.000	-5.200	0.344
-37.900	-5.200	0.334
-37.800	-5.200	0.334
-37.700	-5.200	0.323
-37.600	-5.200	0.321
-37.500	-5.200	0.262
-37.400	-5.200	0.257
-37.300	-5.200	0.252
-37.200	-5.200	0.247
-37.100	-5.200	0.243
-37.000	-5.200	0.241
-36.900	-5.200	0.240
-36.800	-5.200	0.244
-36.700	-5.200	0.250
-36.600	-5.200	0.316
-36.500	-5.200	0.331
-36.400	-5.200	0.356
-36.300	-5.200	0.368
-36.200	-5.200	0.499
-36.100	-5.200	0.494
-36.000	-5.200	0.535
-35.900	-5.200	0.517
-35.800	-5.200	0.548
-35.700	-5.200	0.517
-35.600	-5.200	0.534
-35.500	-5.200	0.493
-40.900	-5.300	0.103
-40.800	-5.300	0.106
-40.700	-5.300	0.110
-40.600	-5.300	0.113
-40.500	-5.300	0.117
-40.400	-5.300	0.120
-40.300	-5.300	0.123
-40.200	-5.300	0.147
-40.100	-5.300	0.151
-40.000	-5.300	0.154
-39.900	-5.300	0.157
-39.800	-5.300	0.160
-39.700	-5.300	0.163
-39.600	-5.300	0.166
-39.500	-5.300	0.169
-39.400	-5.300	0.172
-39.300	-5.300	0.177
-39.200	-5.300	0.181
-39.100	-5.300	0.219
-39.000	-5.300	0.228
-38.900	-5.300	0.236
-38.800	-5.300	0.245
-38.700	-5.300	0.252
-38.600	-5.300	0.260
-38.500	-5.300	0.316
-38.400	-5.300	0.326
-38.300	-5.300	0.329
-38.200	-5.300	0.336
-38.100	-5.300	0.336
-38.000	-5.300	0.341
-37.900	-5.300	0.339
-37.800	-5.300	0.341
-37.700	-5.300	0.336
-37.600	-5.300	0.336
-37.500	-5.300	0.328
-37.400	-5.300	0.325
-37.300	-5.300	0.266
-37.200	-5.300	0.262
-37.100	-5.300	0.256
-37.000	-5.300	0.253
-36.900	-5.300	0.251
-36.800	-5.300	0.254
-36.700	-5.300	0.259
-36.600	-5.300	0.325
-36.500	-5.300	0.339
-36.400	-5.300	0.363
-36.300	-5.300	0.377
-36.200	-5.300	0.495
-36.100	-5.300	0.502
-36.000	-5.300	0.529
-35.900	-5.300	0.525
-35.800	-5.300	0.541
-35.700	-5.300	0.525
-35.600	-5.300	0.529
-35.500	-5.300	0.501
-35.400	-5.300	0.492
-40.900	-5.400	0.099
-40.800	-5.400	0.102
-40.700	-5.400	0.106
-40.600	-5.400	0.110
-40.500	-5.400	0.112
-40.400	-5.400	0.116
-40.300	-5.400	0.119
-40.200	-5.400	0.121
-40.100	-5.400	0.124
-40.000	-5.400	0.146
-39.900	-5.400	0.150
-39.800	-5.400	0.153
-39.700	-5.400	0.156
-39.600	-5.400	0.159
-39.500	-5.400	0.163
-39.400	-5.400	0.166
-39.300	-5.400	0.171
-39.200	-5.400	0.175
-39.100	-5.400	0.181
-39.000	-5.400	0.218
-38.900	-5.400	0.227
-38.800	-5.400	0.236
-38.700	-5.400	0.243
-38.600	-5.400	0.252
-38.500	-5.400	0.259
-38.400	-5.400	0.321
-38.300	-5.400	0.327
-38.200	-5.400	0.341
-38.100	-5.400	0.345
-38.000	-5.400	0.357
-37.900	-5.400	0.358
-37.800	-5.400	0.366
-37.700	-5.400	0.362
-37.600	-5.400	0.367
-37.500	-5.400	0.358
-37.400	-5.400	0.357
-37.300	-5.400	0.345
-37.200	-5.400	0.340
-37.100	-5.400	0.327
-37.000	-5.400	0.321
-36.900	-5.400	0.314
-36.800	-5.400	0.319
-36.700	-5.400	0.324
-36.600	-5.400	0.343
-36.500	-5.400	0.356
-36.400	-5.400	0.479
-36.300	-5.400	0.486
-36.200	-5.400	0.537
-36.100	-5.400	0.531
-36.000	-5.400	0.716
-35.900	-5.400	0.555
-35.800	-5.400	0.734
-35.700	-5.400	0.555
-35.600	-5.400	0.715
-35.500	-5.400	0.530
-35.400	-5.400	0.535
-40.900	-5.500	0.082
-40.800	-5.500	0.099
-40.700	-5.500	0.102
-40.600	-5.500	0.106
-40.500	-5.500	0.109
-40.400	-5.500	0.111
-40.300	-5.500	0.114
-40.200	-5.500	0.117
-40.100	-5.500	0.120
-40.000	-5.500	0.122
-39.900	-5.500	0.126
-39.800	-5.500	0.147
-39.700	-5.500	0.150
-39.600	-5.500	0.153
-39.500	-5.500	0.157
-39.400	-5.500	0.161
-39.300	-5.500	0.166
-39.200	-5.500	0.171
-39.100	-5.500	0.176
-39.000	-5.500	0.181
-38.900	-5.500	0.219
-38.800	-5.500	0.228
-38.700	-5.500	0.238
-38.600	-5.500	0.248
-38.500	-5.500	0.257
-38.400	-5.500	0.318
-38.300	-5.500	0.331
-38.200	-5.500	0.348
-38.100	-5.500	0.357
-38.000	-5.500	0.371
-37.900	-5.500	0.377
-37.800	-5.500	0.471
-37.700	-5.500	0.387
-37.600	-5.500	0.478
-37.500	-5.500	0.384
-37.400	-5.500	0.466
-37.300	-5.500	0.371
-37.200	-5.500	0.364
-37.100	-5.500	0.349
-37.000	-5.500	0.341
-36.900	-5.500	0.332
-36.800	-5.500	0.332
-36.700	-5.500	0.334
-36.600	-5.500	0.347
-36.500	-5.500	0.359
-36.400	-5.500	0.467
-36.300	-5.500	0.483
-36.200	-5.500	0.519
-36.100	-5.500	0.527
-36.000	-5.500	0.554
-35.900	-5.500	0.550
-35.800	-5.500	0.567
-35.700	-5.500	0.549
-35.600	-5.500	0.554
-35.500	-5.500	0.525
-35.400	-5.500	0.516
-35.300	-5.500	0.478
-40.900	-5.600	0.081
-40.800	-5.600	0.083
-40.700	-5.600	0.099
-40.600	-5.600	0.102
-40.500	-5.600	0.105
-40.400	-5.600	0.108
-40.300	-5.600	0.111
-40.200	-5.600	0.113
-40.100	-5.600	0.116
-40.000	-5.600	0.118
-39.900	-5.600	0.122
-39.800	-5.600	0.124
-39.700	-5.600	0.128
-39.600	-5.600	0.149
-39.500	-5.600	0.153
-39.400	-5.600	0.157
-39.300	-5.600	0.163
-39.200	-5.600	0.168
-39.100	-5.600	0.173
-39.000	-5.600	0.179
-38.900	-5.600	0.185
-38.800	-5.600	0.225
-38.700	-5.600	0.236
-38.600	-5.600	0.249
-38.500	-5.600	0.261
-38.400	-5.600	0.332
-38.300	-5.600	0.346
-38.200	-5.600	0.370
-38.100	-5.600	0.381
-38.000	-5.600	0.502
-37.900	-5.600	0.500
-37.800	-5.600	0.534
-37.700	-5.600	0.519
-37.600	-5.600	0.545
-37.500	-5.600	0.518
-37.400	-5.600	0.532
-37.300	-5.600	0.496
-37.200	-5.600	0.499
-37.100	-5.600	0.379
-37.000	-5.600	0.372
-36.900	-5.600	0.355
-36.800	-5.600	0.353
-36.700	-5.600	0.349
-36.600	-5.600	0.362
-36.500	-5.600	0.369
-36.400	-5.600	0.496
-36.300	-5.600	0.501
-36.200	-5.600	0.552
-36.100	-5.600	0.545
-36.000	-5.600	0.735
-35.900	-5.600	0.568
-35.800	-5.600	0.754
-35.700	-5.600	0.568
-35.600	-5.600	0.734
-35.500	-5.600	0.542
-35.400	-5.600	0.548
-35.300	-5.600	0.494
-40.900	-5.700	0.078
-40.800	-5.700	0.081
-40.700	-5.700	0.083
-40.600	-5.700	0.099
-40.500	-5.700	0.101
-40.400	-5.700	0.104
-40.300	-5.700	0.107
-40.200	-5.700	0.110
-40.100	-5.700	0.113
-40.000	-5.700	0.115
-39.900	-5.700	0.119
-39.800	-5.700	0.121
-39.700	-5.700	0.125
-39.600	-5.700	0.128
-39.500	-5.700	0.149
-39.400	-5.700	0.154
-39.300	-5.700	0.159
-39.200	-5.700	0.164
-39.100	-5.700	0.170
-39.000	-5.700	0.177
-38.900	-5.700	0.183
-38.800	-5.700	0.225
-38.700	-5.700	0.237
-38.600	-5.700	0.251
-38.500	-5.700	0.316
-38.400	-5.700	0.341
-38.300	-5.700	0.361
-38.200	-5.700	0.468
-38.100	-5.700	0.487
-38.000	-5.700	0.521
-37.900	-5.700	0.529
-37.800	-5.700	0.555
-37.700	-5.700	0.551
-37.600	-5.700	0.566
-37.500	-5.700	0.551
-37.400	-5.700	0.554
-37.300	-5.700	0.528
-37.200	-5.700	0.521
-37.100	-5.700	0.488
-37.000	-5.700	0.474
-36.900	-5.700	0.372
-36.800	-5.700	0.363
-36.700	-5.700	0.356
-36.600	-5.700	0.362
-36.500	-5.700	0.368
-36.400	-5.700	0.474
-36.300	-5.700	0.487
-36.200	-5.700	0.521
-36.100	-5.700	0.527
-36.000	-5.700	0.555
-35.900	-5.700	0.551
-35.800	-5.700	0.567
-35.700	-5.700	0.549
-35.600	-5.700	0.554
-35.500	-5.700	0.525
-35.400	-5.700	0.516
-35.300	-5.700	0.478
-35.200	-5.700	0.371
-40.900	-5.800	0.076
-40.800	-5.800	0.078
-40.700	-5.800	0.081
-40.600	-5.800	0.083
-40.500	-5.800	0.098
-40.400	-5.800	0.101
-40.300	-5.800	0.104
-40.200	-5.800	0.107
-40.100	-5.800	0.110
-40.000	-5.800	0.113
-39.900	-5.800	0.115
-39.800	-5.800	0.119
-39.700	-5.800	0.122
-39.600	-5.800	0.125
-39.500	-5.800	0.128
-39.400	-5.800	0.151
-39.300	-5.800	0.157
-39.200	-5.800	0.163
-39.100	-5.800	0.170
-39.000	-5.800	0.177
-38.900	-5.800	0.184
-38.800	-5.800	0.227
-38.700	-5.800	0.243
-38.600	-5.800	0.259
-38.500	-5.800	0.332
-38.400	-5.800	0.364
-38.300	-5.800	0.466
-38.200	-5.800	0.522
-38.100	-5.800	0.532
-38.000	-5.800	0.720
-37.900	-5.800	0.579
-37.800	-5.800	0.775
-37.700	-5.800	0.731
-37.600	-5.800	0.795
-37.500	-5.800	0.730
-37.400	-5.800	0.776
-37.300	-5.800	0.579
-37.200	-5.800	0.721
-37.100	-5.800	0.534
-37.000	-5.800	0.528
-36.900	-5.800	0.482
-36.800	-5.800	0.476
-36.700	-5.800	0.370
-36.600	-5.800	0.460
-36.500	-5.800	0.374
-36.400	-5.800	0.493
-36.300	-5.800	0.493
-36.200	-5.800	0.540
-36.100	-5.800	0.533
-36.000	-5.800	0.717
-35.900	-5.800	0.556
-35.800	-5.800	0.734
-35.700	-5.800	0.555
-35.600	-5.800	0.716
-35.500	-5.800	0.530
-35.400	-5.800	0.535
-35.300	-5.800	0.483
-35.200	-5.800	0.473
-40.800	-5.900	0.076
-40.700	-5.900	0.079
-40.600	-5.900	0.081
-40.500	-5.900	0.083
-40.400	-5.900	0.085
-40.300	-5.900	0.101
-40.200	-5.900	0.104
-40.100	-5.900	0.107
-40.000	-5.900	0.110
-39.900	-5.900	0.113
-39.800	-5.900	0.116
-39.700	-5.900	0.119
-39.600	-5.900	0.123
-39.500	-5.900	0.127
-39.400	-5.900	0.149
-39.300	-5.900	0.155
-39.200	-5.900	0.161
-39.100	-5.900	0.169
-39.000	-5.900	0.177
-38.900	-5.900	0.185
-38.800	-5.900	0.231
-38.700	-5.900	0.247
-38.600	-5.900	0.317
-38.500	-5.900	0.344
-38.400	-5.900	0.374
-38.300	-5.900	0.484
-38.200	-5.900	0.530
-38.100	-5.900	0.552
-38.000	-5.900	0.714
-37.900	-5.900	0.720
-37.800	-5.900	0.767
-37.700	-5.900	0.755
-37.600	-5.900	0.785
-37.500	-5.900	0.755
-37.400	-5.900	0.767
-37.300	-5.900	0.721
-37.200	-5.900	0.714
-37.100	-5.900	0.555
-37.000	-5.900	0.535
-36.900	-5.900	0.496
-36.800	-5.900	0.477
-36.700	-5.900	0.375
-36.600	-5.900	0.371
-36.500	-5.900	0.369
-36.400	-5.900	0.463
-36.300	-5.900	0.472
-36.200	-5.900	0.501
-36.100	-5.900	0.507
-36.000	-5.900	0.531
-35.900	-5.900	0.527
-35.800	-5.900	0.542
-35.700	-5.900	0.526
-35.600	-5.900	0.529
-35.500	-5.900	0.502
-35.400	-5.900	0.493
-35.300	-5.900	0.373
-35.200	-5.900	0.356
-40.800	-6.000	0.074
-40.700	-6.000	0.077
-40.600	-6.000	0.079
-40.500	-6.000	0.081
-40.400	-6.000	0.083
-40.300	-6.000	0.086
-40.200	-6.000	0.101
-40.100	-6.000	0.104
-40.000	-6.000	0.107
-39.900	-6.000	0.110
-39.800	-6.000	0.114
-39.700	-6.000	0.118
-39.600	-6.000	0.121
-39.500	-6.000	0.126
-39.400	-6.000	0.130
-39.300	-6.000	0.154
-39.200	-6.000	0.161
-39.100	-6.000	0.169
-39.000	-6.000	0.177
-38.900	-6.000	0.218
-38.800	-6.000	0.235
-38.700	-6.000	0.253
-38.600	-6.000	0.334
-38.500	-6.000	0.361
-38.400	-6.000	0.496
-38.300	-6.000	0.520
-38.200	-6.000	0.720
-38.100	-6.000	0.715
-38.000	-6.000	0.815
-37.900	-6.000	0.786
-37.800	-6.000	0.875
-37.700	-6.000	0.823
-37.600	-6.000	1.079
-37.500	-6.000	0.823
-37.400	-6.000	0.876
-37.300	-6.000	0.787
-37.200	-6.000	0.817
-37.100	-6.000	0.718
-37.000	-6.000	0.726
-36.900	-6.000	0.529
-36.800	-6.000	0.516
-36.700	-6.000	0.470
-36.600	-6.000	0.469
-36.500	-6.000	0.371
-36.400	-6.000	0.472
-36.300	-6.000	0.468
-36.200	-6.000	0.506
-36.100	-6.000	0.499
-36.000	-6.000	0.538
-35.900	-6.000	0.518
-35.800	-6.000	0.549
-35.700	-6.000	0.518
-35.600	-6.000	0.535
-35.500	-6.000	0.494
-35.400	-6.000	0.497
-35.300	-6.000	0.364
-35.200	-6.000	0.351
-40.800	-6.100	0.073
-40.700	-6.100	0.075
-40.600	-6.100	0.077
-40.500	-6.100	0.079
-40.400	-6.100	0.081
-40.300	-6.100	0.084
-40.200	-6.100	0.085
-40.100	-6.100	0.101
-40.000	-6.100	0.105
-39.900	-6.100	0.109
-39.800	-6.100	0.112
-39.700	-6.100	0.116
-39.600	-6.100	0.120
-39.500	-6.100	0.125
-39.400	-6.100	0.128
-39.300	-6.100	0.153
-39.200	-6.100	0.160
-39.100	-6.100	0.168
-39.000	-6.100	0.177
-38.900	-6.100	0.220
-38.800	-6.100	0.239
-38.700	-6.100	0.257
-38.600	-6.100	0.339
-38.500	-6.100	0.368
-38.400	-6.100	0.494
-38.300	-6.100	0.529
-38.200	-6.100	0.578
-38.100	-6.100	0.721
-38.000	-6.100	0.785
-37.900	-6.100	0.792
-37.800	-6.100	0.842
-37.700	-6.100	0.828
-37.600	-6.100	0.862
-37.500	-6.100	0.829
-37.400	-6.100	0.842
-37.300	-6.100	0.792
-37.200	-6.100	0.785
-37.100	-6.100	0.723
-37.000	-6.100	0.581
-36.900	-6.100	0.536
-36.800	-6.100	0.509
-36.700	-6.100	0.470
-36.600	-6.100	0.375
-36.500	-6.100	0.363
-36.400	-6.100	0.365
-36.300	-6.100	0.366
-36.200	-6.100	0.377
-36.100	-6.100	0.464
-36.000	-6.100	0.485
-35.900	-6.100	0.481
-35.800	-6.100	0.494
-35.700	-6.100	0.479
-35.600	-6.100	0.482
-35.500	-6.100	0.373
-35.400	-6.100	0.364
-35.300	-6.100	0.343
-35.200	-6.100	0.326
-35.100	-6.100	0.247
-40.800	-6.200	0.072
-40.700	-6.200	0.073
-40.600	-6.200	0.075
-40.500	-6.200	0.078
-40.400	-6.200	0.080
-40.300	-6.200	0.082
-40.200	-6.200	0.084
-40.100	-6.200	0.099
-40.000	-6.200	0.103
-39.900	-6.200	0.106
-39.800	-6.200	0.110
-39.700	-6.200	0.115
-39.600	-6.200	0.119
-39.500	-6.200	0.123
-39.400	-6.200	0.128
-39.300	-6.200	0.152
-39.200	-6.200	0.159
-39.100	-6.200	0.168
-39.000	-6.200	0.178
-38.900	-6.200	0.223
-38.800	-6.200	0.242
-38.700	-6.200	0.314
-38.600	-6.200	0.352
-38.500	-6.200	0.464
-38.400	-6.200	0.531
-38.300	-6.200	0.555
-38.200	-6.200	0.776
-38.100	-6.200	0.769
-38.000	-6.200	0.877
-37.900	-6.200	0.843
-37.800	-6.200	1.136
-37.700	-6.200	0.883
-37.600	-6.200	1.166
-37.500	-6.200	0.883
-37.400	-6.200	1.137
-37.300	-6.200	0.844
-37.200	-6.200	0.877
-37.100	-6.200	0.771
-37.000	-6.200	0.780
-36.900	-6.200	0.561
-36.800	-6.200	0.543
-36.700	-6.200	0.485
-36.600	-6.200	0.471
-36.500	-6.200	0.362
-36.400	-6.200	0.361
-36.300	-6.200	0.355
-36.200	-6.200	0.367
-36.100	-6.200	0.366
-36.000	-6.200	0.478
-35.900	-6.200	0.461
-35.800	-6.200	0.485
-35.700	-6.200	0.373
-35.600	-6.200	0.473
-35.500	-6.200	0.357
-35.400	-6.200	0.351
-35.300	-6.200	0.327
-35.200	-6.200	0.314
-35.100	-6.200	0.237
-40.700	-6.300	0.071
-40.600	-6.300	0.074
-40.500	-6.300	0.076
-40.400	-6.300	0.078
-40.300	-6.300	0.080
-40.200	-6.300	0.083
-40.100	-6.300	0.085
-40.000	-6.300	0.101
-39.900	-6.300	0.105
-39.800	-6.300	0.109
-39.700	-6.300	0.113
-39.600	-6.300	0.117
-39.500	-6.300	0.122
-39.400	-6.300	0.127
-39.300	-6.300	0.151
-39.200	-6.300	0.159
-39.100	-6.300	0.168
-39.000	-6.300	0.178
-38.900	-6.300	0.223
-38.800	-6.300	0.243
-38.700	-6.300	0.316
-38.600	-6.300	0.351
-38.500	-6.300	0.382
-38.400	-6.300	0.516
-38.300	-6.300	0.552
-38.200	-6.300	0.730
-38.100	-6.300	0.756
-38.000	-6.300	0.822
-37.900	-6.300	0.829
-37.800	-6.300	0.881
-37.700	-6.300	0.866
-37.600	-6.300	0.900
-37.500	-6.300	0.866
-37.400	-6.300	0.881
-37.300	-6.300	0.829
-37.200	-6.300	0.823
-37.100	-6.300	0.757
-37.000	-6.300	0.732
-36.900	-6.300	0.556
-36.800	-6.300	0.525
-36.700	-6.300	0.478
-36.600	-6.300	0.373
-36.500	-6.300	0.353
-36.400	-6.300	0.344
-36.300	-6.300	0.337
-36.200	-6.300	0.341
-36.100	-6.300	0.342
-36.000	-6.300	0.349
-35.900	-6.300	0.348
-35.800	-6.300	0.352
-35.700	-6.300	0.345
-35.600	-6.300	0.343
-35.500	-6.300	0.329
-35.400	-6.300	0.320
-35.300	-6.300	0.248
-35.200	-6.300	0.237
-35.100	-6.300	0.223
-40.800	-6.400	0.069
-40.700	-6.400	0.070
-40.600	-6.400	0.072
-40.500	-6.400	0.074
-40.400	-6.400	0.076
-40.300	-6.400	0.079
-40.200	-6.400	0.081
-40.100	-6.400	0.084
-40.000	-6.400	0.099
-39.900	-6.400	0.103
-39.800	-6.400	0.107
-39.700	-6.400	0.112
-39.600	-6.400	0.116
-39.500	-6.400	0.121
-39.400	-6.400	0.126
-39.300	-6.400	0.150
-39.200	-6.400	0.158
-39.100	-6.400	0.168
-39.000	-6.400	0.177
-38.900	-6.400	0.224
-38.800	-6.400	0.244
-38.700	-6.400	0.320
-38.600	-6.400	0.359
-38.500	-6.400	0.474
-38.400	-6.400	0.544
-38.300	-6.400	0.568
-38.200	-6.400	0.796
-38.100	-6.400	0.788
-38.000	-6.400	1.081
-37.900	-6.400	0.864
-37.800	-6.400	1.166
-37.700	-6.400	0.903
-37.600	-6.400	1.196
-37.500	-6.400	0.903
-37.400	-6.400	1.166
-37.300	-6.400	0.864
-37.200	-6.400	1.081
-37.100	-6.400	0.789
-37.000	-6.400	0.797
-36.900	-6.400	0.571
-36.800	-6.400	0.550
-36.700	-6.400	0.486
-36.600	-6.400	0.463
-36.500	-6.400	0.349
-36.400	-6.400	0.338
-36.300	-6.400	0.325
-36.200	-6.400	0.327
-36.100	-6.400	0.323
-36.000	-6.400	0.330
-35.900	-6.400	0.326
-35.800	-6.400	0.332
-35.700	-6.400	0.322
-35.600	-6.400	0.322
-35.500	-6.400	0.307
-35.400	-6.400	0.244
-35.300	-6.400	0.234
-35.200	-6.400	0.223
-35.100	-6.400	0.210
-35.000	-6.400	0.164
-40.700	-6.500	0.068
-40.600	-6.500	0.071
-40.500	-6.500	0.073
-40.400	-6.500	0.075
-40.300	-6.500	0.078
-40.200	-6.500	0.080
-40.100	-6.500	0.082
-40.000	-6.500	0.085
-39.900	-6.500	0.101
-39.800	-6.500	0.106
-39.700	-6.500	0.110
-39.600	-6.500	0.115
-39.500	-6.500	0.119
-39.400	-6.500	0.124
-39.300	-6.500	0.149
-39.200	-6.500	0.157
-39.100	-6.500	0.166
-39.000	-6.500	0.176
-38.900	-6.500	0.222
-38.800	-6.500	0.242
-38.700	-6.500	0.315
-38.600	-6.500	0.350
-38.500	-6.500	0.381
-38.400	-6.500	0.517
-38.300	-6.500	0.552
-38.200	-6.500	0.730
-38.100	-6.500	0.756
-38.000	-6.500	0.822
-37.900	-6.500	0.829
-37.800	-6.500	0.880
-37.700	-6.500	0.866
-37.600	-6.500	0.901
-37.500	-6.500	0.866
-37.400	-6.500	0.880
-37.300	-6.500	0.829
-37.200	-6.500	0.822
-37.100	-6.500	0.757
-37.000	-6.500	0.731
-36.900	-6.500	0.554
-36.800	-6.500	0.521
-36.700	-6.500	0.471
-36.600	-6.500	0.363
-36.500	-6.500	0.337
-36.400	-6.500	0.320
-36.300	-6.500	0.259
-36.200	-6.500	0.254
-36.100	-6.500	0.252
-36.000	-6.500	0.251
-35.900	-6.500	0.249
-35.800	-6.500	0.248
-35.700	-6.500	0.244
-35.600	-6.500	0.240
-35.500	-6.500	0.233
-35.400	-6.500	0.227
-35.300	-6.500	0.217
-35.200	-6.500	0.171
-35.100	-6.500	0.164
-35.000	-6.500	0.157
-40.700	-6.600	0.068
-40.600	-6.600	0.069
-40.500	-6.600	0.071
-40.400	-6.600	0.073
-40.300	-6.600	0.076
-40.200	-6.600	0.079
-40.100	-6.600	0.081
-40.000	-6.600	0.084
-39.900	-6.600	0.100
-39.800	-6.600	0.104
-39.700	-6.600	0.109
-39.600	-6.600	0.113
-39.500	-6.600	0.119
-39.400	-6.600	0.123
-39.300	-6.600	0.147
-39.200	-6.600	0.155
-39.100	-6.600	0.165
-39.000	-6.600	0.175
-38.900	-6.600	0.220
-38.800	-6.600	0.240
-38.700	-6.600	0.313
-38.600	-6.600	0.352
-38.500	-6.600	0.463
-38.400	-6.600	0.531
-38.300	-6.600	0.555
-38.200	-6.600	0.777
-38.100	-6.600	0.769
-38.000	-6.600	0.876
-37.900	-6.600	0.843
-37.800	-6.600	1.137
-37.700	-6.600	0.882
-37.600	-6.600	1.166
-37.500	-6.600	0.883
-37.400	-6.600	1.137
-37.300	-6.600	0.843
-37.200	-6.600	0.876
-37.100	-6.600	0.769
-37.000	-6.600	0.777
-36.900	-6.600	0.557
-36.800	-6.600	0.534
-36.700	-6.600	0.470
-36.600	-6.600	0.361
-36.500	-6.600	0.331
-36.400	-6.600	0.312
-36.300	-6.600	0.250
-36.200	-6.600	0.243
-36.100	-6.600	0.238
-36.000	-6.600	0.237
-35.900	-6.600	0.233
-35.800	-6.600	0.232
-35.700	-6.600	0.227
-35.600	-6.600	0.224
-35.500	-6.600	0.217
-35.400	-6.600	0.210
-35.300	-6.600	0.168
-35.200	-6.600	0.163
-35.100	-6.600	0.156
-35.000	-6.600	0.150
-40.600	-6.700	0.069
-40.500	-6.700	0.071
-40.400	-6.700	0.073
-40.300	-6.700	0.075
-40.200	-6.700	0.078
-40.100	-6.700	0.080
-40.000	-6.700	0.083
-39.900	-6.700	0.085
-39.800	-6.700	0.103
-39.700	-6.700	0.107
-39.600	-6.700	0.112
-39.500	-6.700	0.117
-39.400	-6.700	0.122
-39.300	-6.700	0.128
-39.200	-6.700	0.153
-39.100	-6.700	0.162
-39.000	-6.700	0.172
-38.900	-6.700	0.216
-38.800	-6.700	0.235
-38.700	-6.700	0.255
-38.600	-6.700	0.337
-38.500	-6.700	0.367
-38.400	-6.700	0.494
-38.300	-6.700	0.528
-38.200	-6.700	0.577
-38.100	-6.700	0.721
-38.000	-6.700	0.784
-37.900	-6.700	0.791
-37.800	-6.700	0.841
-37.700	-6.700	0.828
-37.600	-6.700	0.861
-37.500	-6.700	0.828
-37.400	-6.700	0.842
-37.300	-6.700	0.792
-37.200	-6.700	0.785
-37.100	-6.700	0.721
-37.000	-6.700	0.578
-36.900	-6.700	0.529
-36.800	-6.700	0.496
-36.700	-6.700	0.372
-36.600	-6.700	0.344
-36.500	-6.700	0.316
-36.400	-6.700	0.251
-36.300	-6.700	0.240
-36.200	-6.700	0.232
-36.100	-6.700	0.225
-36.000	-6.700	0.221
-35.900	-6.700	0.218
-35.800	-6.700	0.215
-35.700	-6.700	0.177
-35.600	-6.700	0.173
-35.500	-6.700	0.169
-35.400	-6.700	0.165
-35.300	-6.700	0.160
-35.200	-6.700	0.154
-35.100	-6.700	0.148
-35.000	-6.700	0.142
-40.400	-6.800	0.071
-40.300	-6.800	0.074
-40.200	-6.800	0.076
-40.100	-6.800	0.079
-40.000	-6.800	0.082
-39.900	-6.800	0.085
-39.800	-6.800	0.101
-39.700	-6.800	0.106
-39.600	-6.800	0.110
-39.500	-6.800	0.115
-39.400	-6.800	0.121
-39.300	-6.800	0.125
-39.200	-6.800	0.152
-39.100	-6.800	0.160
-39.000	-6.800	0.169
-38.900	-6.800	0.180
-38.800	-6.800	0.230
-38.700	-6.800	0.249
-38.600	-6.800	0.331
-38.500	-6.800	0.358
-38.400	-6.800	0.495
-38.300	-6.800	0.518
-38.200	-6.800	0.719
-38.100	-6.800	0.714
-38.000	-6.800	0.814
-37.900	-6.800	0.786
-37.800	-6.800	0.875
-37.700	-6.800	0.823
-37.600	-6.800	1.079
-37.500	-6.800	0.823
-37.400	-6.800	0.875
-37.300	-6.800	0.786
-37.200	-6.800	0.815
-37.100	-6.800	0.714
-37.000	-6.800	0.720
-36.900	-6.800	0.520
-36.800	-6.800	0.497
-36.700	-6.800	0.361
-36.600	-6.800	0.337
-36.500	-6.800	0.258
-36.400	-6.800	0.243
-36.300	-6.800	0.230
-36.200	-6.800	0.221
-36.100	-6.800	0.183
-36.000	-6.800	0.179
-35.900	-6.800	0.175
-35.800	-6.800	0.172
-35.700	-6.800	0.168
-35.600	-6.800	0.164
-35.500	-6.800	0.160
-35.400	-6.800	0.156
-35.300	-6.800	0.152
-35.200	-6.800	0.146
-35.100	-6.800	0.122
-35.000	-6.800	0.117
-40.400	-6.900	0.070
-40.300	-6.900	0.073
-40.200	-6.900	0.075
-40.100	-6.900	0.078
-40.000	-6.900	0.080
-39.900	-6.900	0.084
-39.800	-6.900	0.099
-39.700	-6.900	0.104
-39.600	-6.900	0.109
-39.500	-6.900	0.114
-39.400	-6.900	0.119
-39.300	-6.900	0.124
-39.200	-6.900	0.149
-39.100	-6.900	0.157
-39.000	-6.900	0.166
-38.900	-6.900	0.176
-38.800	-6.900	0.221
-38.700	-6.900	0.240
-38.600	-6.900	0.260
-38.500	-6.900	0.339
-38.400	-6.900	0.371
-38.300	-6.900	0.482
-38.200	-6.900	0.528
-38.100	-6.900	0.551
-38.000	-6.900	0.712
-37.900	-6.900	0.720
-37.800	-6.900	0.766
-37.700	-6.900	0.755
-37.600	-6.900	0.784
-37.500	-6.900	0.755
-37.400	-6.900	0.766
-37.300	-6.900	0.719
-37.200	-6.900	0.712
-37.100	-6.900	0.551
-37.000	-6.900	0.528
-36.900	-6.900	0.483
-36.800	-6.900	0.373
-36.700	-6.900	0.342
-36.600	-6.900	0.316
-36.500	-6.900	0.248
-36.400	-6.900	0.233
-36.300	-6.900	0.220
-36.200	-6.900	0.181
-36.100	-6.900	0.176
-36.000	-6.900	0.171
-35.900	-6.900	0.167
-35.800	-6.900	0.163
-35.700	-6.900	0.159
-35.600	-6.900	0.155
-35.500	-6.900	0.152
-35.400	-6.900	0.148
-35.300	-6.900	0.124
-35.200	-6.900	0.120
-35.100	-6.900	0.117
-35.000	-6.900	0.114
-34.900	-6.900	0.109
-40.400	-7.000	0.069
-40.300	-7.000	0.071
-40.200	-7.000	0.073
-40.100	-7.000	0.076
-40.000	-7.000	0.079
-39.900	-7.000	0.082
-39.800	-7.000	0.086
-39.700	-7.000	0.102
-39.600	-7.000	0.107
-39.500	-7.000	0.112
-39.400	-7.000	0.117
-39.300	-7.000	0.122
-39.200	-7.000	0.127
-39.100	-7.000	0.154
-39.000	-7.000	0.162
-38.900	-7.000	0.171
-38.800	-7.000	0.215
-38.700	-7.000	0.231
-38.600	-7.000	0.250
-38.500	-7.000	0.325
-38.400	-7.000	0.357
-38.300	-7.000	0.379
-38.200	-7.000	0.517
-38.100	-7.000	0.529
-38.000	-7.000	0.718
-37.900	-7.000	0.577
-37.800	-7.000	0.774
-37.700	-7.000	0.729
-37.600	-7.000	0.794
-37.500	-7.000	0.729
-37.400	-7.000	0.774
-37.300	-7.000	0.578
-37.200	-7.000	0.718
-37.100	-7.000	0.529
-37.000	-7.000	0.518
-36.900	-7.000	0.380
-36.800	-7.000	0.359
-36.700	-7.000	0.326
-36.600	-7.000	0.254
-36.500	-7.000	0.238
-36.400	-7.000	0.223
-36.300	-7.000	0.182
-36.200	-7.000	0.175
-36.100	-7.000	0.170
-36.000	-7.000	0.165
-35.900	-7.000	0.160
-35.800	-7.000	0.156
-35.700	-7.000	0.152
-35.600	-7.000	0.148
-35.500	-7.000	0.125
-35.400	-7.000	0.122
-35.300	-7.000	0.119
-35.200	-7.000	0.116
-35.100	-7.000	0.113
-35.000	-7.000	0.109
-34.900	-7.000	0.106
-40.400	-7.100	0.068
-40.300	-7.100	0.070
-40.200	-7.100	0.073
-40.100	-7.100	0.075
-40.000	-7.100	0.078
-39.900	-7.100	0.081
-39.800	-7.100	0.083
-39.700	-7.100	0.100
-39.600	-7.100	0.105
-39.500	-7.100	0.110
-39.400	-7.100	0.115
-39.300	-7.100	0.119
-39.200	-7.100	0.125
-39.100	-7.100	0.149
-39.000	-7.100	0.158
-38.900	-7.100	0.167
-38.800	-7.100	0.176
-38.700	-7.100	0.220
-38.600	-7.100	0.237
-38.500	-7.100	0.254
-38.400	-7.100	0.329
-38.300	-7.100	0.352
-38.200	-7.100	0.378
-38.100	-7.100	0.481
-38.000	-7.100	0.516
-37.900	-7.100	0.526
-37.800	-7.100	0.552
-37.700	-7.100	0.550
-37.600	-7.100	0.565
-37.500	-7.100	0.550
-37.400	-7.100	0.553
-37.300	-7.100	0.526
-37.200	-7.100	0.517
-37.100	-7.100	0.481
-37.000	-7.100	0.379
-36.900	-7.100	0.353
-36.800	-7.100	0.331
-36.700	-7.100	0.256
-36.600	-7.100	0.241
-36.500	-7.100	0.226
-36.400	-7.100	0.183
-36.300	-7.100	0.175
-36.200	-7.100	0.169
-36.100	-7.100	0.163
-36.000	-7.100	0.158
-35.900	-7.100	0.154
-35.800	-7.100	0.149
-35.700	-7.100	0.127
-35.600	-7.100	0.124
-35.500	-7.100	0.121
-35.400	-7.100	0.118
-35.300	-7.100	0.115
-35.200	-7.100	0.112
-35.100	-7.100	0.109
-35.000	-7.100	0.106
-34.900	-7.100	0.102
-40.500	-7.200	0.057
-40.400	-7.200	0.067
-40.300	-7.200	0.069
-40.200	-7.200	0.071
-40.100	-7.200	0.074
-40.000	-7.200	0.077
-39.900	-7.200	0.080
-39.800	-7.200	0.082
-39.700	-7.200	0.099
-39.600	-7.200	0.103
-39.500	-7.200	0.107
-39.400	-7.200	0.112
-39.300	-7.200	0.117
-39.200	-7.200	0.122
-39.100	-7.200	0.127
-39.000	-7.200	0.153
-38.900	-7.200	0.162
-38.800	-7.200	0.170
-38.700	-7.200	0.179
-38.600	-7.200	0.225
-38.500	-7.200	0.240
-38.400	-7.200	0.310
-38.300	-7.200	0.329
-38.200	-7.200	0.357
-38.100	-7.200	0.371
-38.000	-7.200	0.493
-37.900	-7.200	0.492
-37.800	-7.200	0.528
-37.700	-7.200	0.515
-37.600	-7.200	0.541
-37.500	-7.200	0.515
-37.400	-7.200	0.529
-37.300	-7.200	0.493
-37.200	-7.200	0.493
-37.100	-7.200	0.371
-37.000	-7.200	0.357
-36.900	-7.200	0.331
-36.800	-7.200	0.311
-36.700	-7.200	0.243
-36.600	-7.200	0.229
-36.500	-7.200	0.216
-36.400	-7.200	0.176
-36.300	-7.200	0.169
-36.200	-7.200	0.163
-36.100	-7.200	0.157
-36.000	-7.200	0.152
-35.900	-7.200	0.147
-35.800	-7.200	0.126
-35.700	-7.200	0.123
-35.600	-7.200	0.120
-35.500	-7.200	0.117
-35.400	-7.200	0.114
-35.300	-7.200	0.110
-35.200	-7.200	0.108
-35.100	-7.200	0.105
-35.000	-7.200	0.102
-34.900	-7.200	0.099
-34.800	-7.200	0.083
-40.500	-7.300	0.056
-40.400	-7.300	0.065
-40.300	-7.300	0.068
-40.200	-7.300	0.070
-40.100	-7.300	0.073
-40.000	-7.300	0.075
-39.900	-7.300	0.078
-39.800	-7.300	0.081
-39.700	-7.300	0.084
-39.600	-7.300	0.101
-39.500	-7.300	0.105
-39.400	-7.300	0.110
-39.300	-7.300	0.115
-39.200	-7.300	0.119
-39.100	-7.300	0.124
-39.000	-7.300	0.148
-38.900	-7.300	0.156
-38.800	-7.300	0.164
-38.700	-7.300	0.172
-38.600	-7.300	0.180
-38.500	-7.300	0.226
-38.400	-7.300	0.241
-38.300	-7.300	0.253
-38.200	-7.300	0.323
-38.100	-7.300	0.338
-38.000	-7.300	0.356
-37.900	-7.300	0.365
-37.800	-7.300	0.378
-37.700	-7.300	0.379
-37.600	-7.300	0.471
-37.500	-7.300	0.379
-37.400	-7.300	0.378
-37.100	-7.300	0.338
-37.000	-7.300	0.324
-36.900	-7.300	0.255
-36.800	-7.300	0.242
-36.700	-7.300	0.229
-36.600	-7.300	0.216
-36.500	-7.300	0.176
-36.400	-7.300	0.169
-36.300	-7.300	0.162
-36.200	-7.300	0.157
-36.100	-7.300	0.152
-36.000	-7.300	0.128
-35.900	-7.300	0.125
-35.800	-7.300	0.122
-35.700	-7.300	0.119
-35.600	-7.300	0.116
-35.500	-7.300	0.112
-35.400	-7.300	0.110
-35.300	-7.300	0.107
-35.200	-7.300	0.104
-35.100	-7.300	0.101
-35.000	-7.300	0.098
-34.900	-7.300	0.083
-34.800	-7.300	0.080
-39.600	-7.400	0.098
-39.500	-7.400	0.102
-39.400	-7.400	0.107
-39.300	-7.400	0.111
-39.200	-7.400	0.116
-39.100	-7.400	0.120
-39.000	-7.400	0.125
-38.900	-7.400	0.150
-38.800	-7.400	0.157
-38.700	-7.400	0.165
-38.600	-7.400	0.172
-38.500	-7.400	0.180
-38.400	-7.400	0.225
-38.300	-7.400	0.237
-38.200	-7.400	0.249
-38.100	-7.400	0.258
-38.000	-7.400	0.328
-37.900	-7.400	0.335
-37.800	-7.400	0.349
-37.700	-7.400	0.348
-37.600	-7.400	0.356
-37.500	-7.400	0.348
-37.000	-7.400	0.250
-36.900	-7.400	0.238
-36.800	-7.400	0.226
-36.700	-7.400	0.215
-36.600	-7.400	0.175
-36.500	-7.400	0.169
-36.400	-7.400	0.163
-36.300	-7.400	0.157
-36.200	-7.400	0.151
-36.100	-7.400	0.128
-36.000	-7.400	0.124
-35.900	-7.400	0.121
-35.800	-7.400	0.118
-35.700	-7.400	0.114
-35.600	-7.400	0.112
-35.500	-7.400	0.109
-35.400	-7.400	0.106
-35.100	-7.400	0.084
-35.000	-7.400	0.082
-34.900	-7.400	0.080
-39.400	-7.500	0.105
-39.300	-7.500	0.108
-39.200	-7.500	0.112
-39.100	-7.500	0.117
-39.000	-7.500	0.122
-38.900	-7.500	0.127
-38.800	-7.500	0.151
-38.700	-7.500	0.158
-38.600	-7.500	0.164
-38.500	-7.500	0.172
-38.400	-7.500	0.178
-38.300	-7.500	0.219
-38.200	-7.500	0.229
-38.100	-7.500	0.238
-38.000	-7.500	0.247
-37.900	-7.500	0.253
-37.800	-7.500	0.259
-37.700	-7.500	0.312
-37.600	-7.500	0.317
-37.000	-7.500	0.231
-36.900	-7.500	0.221
-36.800	-7.500	0.180
-36.700	-7.500	0.174
-36.600	-7.500	0.168
-36.500	-7.500	0.161
-36.400	-7.500	0.156
-36.300	-7.500	0.150
-36.200	-7.500	0.128
-36.100	-7.500	0.124
-36.000	-7.500	0.121
-35.900	-7.500	0.117
-35.800	-7.500	0.114
-35.700	-7.500	0.111
-35.600	-7.500	0.108
-34.900	-7.500	0.078
-39.400	-7.600	0.102
-39.300	-7.600	0.105
-39.200	-7.600	0.110
-39.100	-7.600	0.114
-39.000	-7.600	0.118
-38.900	-7.600	0.122
-38.800	-7.600	0.127
-38.700	-7.600	0.151
-38.600	-7.600	0.157
-38.500	-7.600	0.163
-38.400	-7.600	0.169
-38.300	-7.600	0.175
-38.200	-7.600	0.180
-38.100	-7.600	0.220
-38.000	-7.600	0.227
-37.900	-7.600	0.232
-37.800	-7.600	0.238
-37.100	-7.600	0.221
-37.000	-7.600	0.213
-36.900	-7.600	0.176
-36.800	-7.600	0.171
-36.700	-7.600	0.165
-36.600	-7.600	0.160
-36.500	-7.600	0.155
-36.400	-7.600	0.149
-36.300	-7.600	0.127
-36.200	-7.600	0.123
-36.100	-7.600	0.120
-36.000	-7.600	0.117
-35.900	-7.600	0.113
-35.800	-7.600	0.110
-35.700	-7.600	0.107
-35.600	-7.600	0.104
-39.100	-7.700	0.111
-39.000	-7.700	0.114
-38.900	-7.700	0.119
-38.600	-7.700	0.150
-38.500	-7.700	0.155
-38.400	-7.700	0.160
-38.300	-7.700	0.165
-38.200	-7.700	0.170
-38.100	-7.700	0.174
-38.000	-7.700	0.178
-37.100	-7.700	0.176
-37.000	-7.700	0.171
-36.900	-7.700	0.166
-36.800	-7.700	0.162
-36.700	-7.700	0.157
-36.600	-7.700	0.152
-36.500	-7.700	0.148
-36.400	-7.700	0.126
-36.300	-7.700	0.123
-36.200	-7.700	0.119
-36.100	-7.700	0.116
-36.000	-7.700	0.112
-35.900	-7.700	0.110
-35.800	-7.700	0.107
-35.700	-7.700	0.104
-39.000	-7.800	0.110
-38.200	-7.800	0.161
-38.100	-7.800	0.165
-37.100	-7.800	0.165
-37.000	-7.800	0.162
-36.900	-7.800	0.158
-36.800	-7.800	0.154
-36.700	-7.800	0.149
-36.600	-7.800	0.127
-36.500	-7.800	0.124
-36.400	-7.800	0.121
-36.300	-7.800	0.118
-36.000	-7.800	0.108
-37.200	-7.900	0.158
-37.100	-7.900	0.156
-37.000	-7.900	0.152
-36.900	-7.900	0.149
-36.800	-7.900	0.127
-36.700	-7.900	0.125
-36.600	-7.900	0.122
-36.500	-7.900	0.119
-37.100	-8.000	0.147
-37.000	-8.000	0.126
-36.900	-8.000	0.124
-36.800	-8.000	0.122
-36.700	-8.000	0.120
-37.100	-8.100	0.122
-37.000	-8.100	0.120
-36.900	-8.100	0.118
-36.800	-8.100	0.117
-36.700	-8.100	0.115
-37.100	-8.200	0.117
-37.000	-8.200	0.115
-36.900	-8.200	0.113
