-40.500	-2.800	0.026
-41.200	-2.900	0.023
-41.100	-2.900	0.023
-41.000	-2.900	0.023
-40.900	-2.900	0.024
-40.800	-2.900	0.024
-40.700	-2.900	0.025
-40.600	-2.900	0.026
-40.500	-2.900	0.026
-40.400	-2.900	0.027
-40.300	-2.900	0.027
-40.200	-2.900	0.033
-40.100	-2.900	0.033
-40.000	-2.900	0.034
-39.900	-2.900	0.034
-41.200	-3.000	0.023
-41.100	-3.000	0.023
-41.000	-3.000	0.024
-40.900	-3.000	0.024
-40.800	-3.000	0.025
-40.700	-3.000	0.026
-40.600	-3.000	0.026
-40.500	-3.000	0.027
-40.400	-3.000	0.033
-40.300	-3.000	0.034
-40.200	-3.000	0.035
-40.100	-3.000	0.035
-40.000	-3.000	0.036
-39.900	-3.000	0.035
-39.800	-3.000	0.036
-39.700	-3.000	0.036
-41.200	-3.100	0.023
-41.100	-3.100	0.024
-41.000	-3.100	0.025
-40.900	-3.100	0.025
-40.800	-3.100	0.026
-40.700	-3.100	0.026
-40.600	-3.100	0.027
-40.500	-3.100	0.033
-40.400	-3.100	0.034
-40.300	-3.100	0.035
-40.200	-3.100	0.036
-40.100	-3.100	0.037
-40.000	-3.100	0.037
-39.900	-3.100	0.037
-39.800	-3.100	0.038
-39.700	-3.100	0.038
-39.600	-3.100	0.038
-41.300	-3.200	0.023
-41.200	-3.200	0.023
-41.100	-3.200	0.024
-41.000	-3.200	0.024
-40.900	-3.200	0.026
-40.800	-3.200	0.027
-40.700	-3.200	0.027
-40.600	-3.200	0.033
-40.500	-3.200	0.034
-40.400	-3.200	0.036
-40.300	-3.200	0.036
-40.200	-3.200	0.038
-40.100	-3.200	0.038
-40.000	-3.200	0.048
-39.900	-3.200	0.048
-39.800	-3.200	0.049
-39.700	-3.200	0.048
-39.600	-3.200	0.049
-39.500	-3.200	0.040
-39.400	-3.200	0.039
-41.300	-3.300	0.023
-41.200	-3.300	0.024
-41.100	-3.300	0.024
-41.000	-3.300	0.025
-40.900	-3.300	0.026
-40.800	-3.300	0.027
-40.700	-3.300	0.033
-40.600	-3.300	0.034
-40.500	-3.300	0.036
-40.400	-3.300	0.036
-40.300	-3.300	0.038
-40.200	-3.300	0.048
-40.100	-3.300	0.048
-40.000	-3.300	0.050
-39.900	-3.300	0.051
-39.800	-3.300	0.051
-39.700	-3.300	0.051
-39.600	-3.300	0.050
-39.500	-3.300	0.050
-39.400	-3.300	0.049
-39.300	-3.300	0.048
-39.200	-3.300	0.039
-41.300	-3.400	0.024
-41.200	-3.400	0.025
-41.100	-3.400	0.025
-41.000	-3.400	0.026
-40.900	-3.400	0.026
-40.800	-3.400	0.032
-40.700	-3.400	0.034
-40.600	-3.400	0.035
-40.500	-3.400	0.036
-40.400	-3.400	0.038
-40.300	-3.400	0.048
-40.200	-3.400	0.051
-40.100	-3.400	0.051
-40.000	-3.400	0.054
-39.900	-3.400	0.054
-39.800	-3.400	0.055
-39.700	-3.400	0.054
-39.600	-3.400	0.054
-39.500	-3.400	0.053
-39.400	-3.400	0.053
-39.300	-3.400	0.051
-39.200	-3.400	0.051
-39.100	-3.400	0.048
-41.300	-3.500	0.024
-41.200	-3.500	0.024
-41.100	-3.500	0.025
-41.000	-3.500	0.026
-40.900	-3.500	0.027
-40.800	-3.500	0.033
-40.700	-3.500	0.035
-40.600	-3.500	0.036
-40.500	-3.500	0.038
-40.400	-3.500	0.048
-40.300	-3.500	0.050
-40.200	-3.500	0.053
-40.100	-3.500	0.054
-40.000	-3.500	0.056
-39.900	-3.500	0.056
-39.800	-3.500	0.056
-39.700	-3.500	0.056
-39.600	-3.500	0.055
-39.500	-3.500	0.055
-39.400	-3.500	0.054
-39.300	-3.500	0.052
-39.200	-3.500	0.052
-39.100	-3.500	0.050
-39.000	-3.500	0.050
-41.300	-3.600	0.024
-41.200	-3.600	0.025
-41.100	-3.600	0.026
-41.000	-3.600	0.026
-40.900	-3.600	0.032
-40.800	-3.600	0.034
-40.700	-3.600	0.036
-40.600	-3.600	0.037
-40.500	-3.600	0.047
-40.400	-3.600	0.051
-40.300	-3.600	0.053
-40.200	-3.600	0.055
-40.100	-3.600	0.056
-40.000	-3.600	0.072
-39.900	-3.600	0.071
-39.800	-3.600	0.074
-39.700	-3.600	0.072
-39.600	-3.600	0.073
-39.500	-3.600	0.057
-39.400	-3.600	0.070
-39.300	-3.600	0.055
-39.200	-3.600	0.054
-39.100	-3.600	0.053
-39.000	-3.600	0.052
-38.900	-3.600	0.052
-38.800	-3.600	0.051
-41.200	-3.700	0.025
-41.100	-3.700	0.025
-41.000	-3.700	0.027
-40.900	-3.700	0.033
-40.800	-3.700	0.035
-40.700	-3.700	0.036
-40.600	-3.700	0.038
-40.500	-3.700	0.049
-40.400	-3.700	0.051
-40.300	-3.700	0.053
-40.200	-3.700	0.056
-40.100	-3.700	0.070
-40.000	-3.700	0.072
-39.900	-3.700	0.073
-39.800	-3.700	0.074
-39.700	-3.700	0.073
-39.600	-3.700	0.074
-39.500	-3.700	0.071
-39.400	-3.700	0.070
-39.300	-3.700	0.057
-39.200	-3.700	0.056
-39.100	-3.700	0.054
-39.000	-3.700	0.053
-38.900	-3.700	0.053
-38.800	-3.700	0.053
-38.700	-3.700	0.053
-38.600	-3.700	0.053
-41.200	-3.800	0.026
-41.100	-3.800	0.026
-41.000	-3.800	0.027
-40.900	-3.800	0.034
-40.800	-3.800	0.035
-40.700	-3.800	0.037
-40.600	-3.800	0.048
-40.500	-3.800	0.050
-40.400	-3.800	0.054
-40.300	-3.800	0.055
-40.200	-3.800	0.072
-40.100	-3.800	0.072
-40.000	-3.800	0.077
-39.900	-3.800	0.076
-39.800	-3.800	0.079
-39.700	-3.800	0.077
-39.600	-3.800	0.078
-39.500	-3.800	0.074
-39.400	-3.800	0.074
-39.300	-3.800	0.070
-39.200	-3.800	0.070
-39.100	-3.800	0.056
-39.000	-3.800	0.056
-38.900	-3.800	0.055
-38.800	-3.800	0.056
-38.700	-3.800	0.056
-38.600	-3.800	0.056
-38.500	-3.800	0.056
-41.200	-3.900	0.025
-41.100	-3.900	0.026
-41.000	-3.900	0.027
-40.900	-3.900	0.033
-40.800	-3.900	0.035
-40.700	-3.900	0.037
-40.600	-3.900	0.048
-40.500	-3.900	0.049
-40.400	-3.900	0.053
-40.300	-3.900	0.055
-40.200	-3.900	0.070
-40.100	-3.900	0.072
-40.000	-3.900	0.075
-39.900	-3.900	0.076
-39.800	-3.900	0.077
-39.700	-3.900	0.076
-39.600	-3.900	0.076
-39.500	-3.900	0.074
-39.400	-3.900	0.073
-39.300	-3.900	0.071
-39.200	-3.900	0.070
-39.100	-3.900	0.057
-39.000	-3.900	0.057
-38.900	-3.900	0.057
-38.800	-3.900	0.057
-38.700	-3.900	0.057
-38.600	-3.900	0.058
-38.500	-3.900	0.058
-38.400	-3.900	0.058
-41.200	-4.000	0.025
-41.100	-4.000	0.027
-41.000	-4.000	0.027
-40.900	-4.000	0.033
-40.800	-4.000	0.035
-40.700	-4.000	0.038
-40.600	-4.000	0.048
-40.500	-4.000	0.051
-40.400	-4.000	0.054
-40.300	-4.000	0.056
-40.200	-4.000	0.074
-40.100	-4.000	0.074
-40.000	-4.000	0.078
-39.900	-4.000	0.077
-39.800	-4.000	0.080
-39.700	-4.000	0.077
-39.600	-4.000	0.079
-39.500	-4.000	0.075
-39.400	-4.000	0.076
-39.300	-4.000	0.072
-39.200	-4.000	0.073
-39.100	-4.000	0.070
-39.000	-4.000	0.071
-38.900	-4.000	0.070
-38.800	-4.000	0.072
-38.700	-4.000	0.071
-38.600	-4.000	0.075
-38.500	-4.000	0.072
-38.400	-4.000	0.075
-38.300	-4.000	0.072
-41.100	-4.100	0.026
-41.000	-4.100	0.027
-40.900	-4.100	0.034
-40.800	-4.100	0.036
-40.700	-4.100	0.037
-40.600	-4.100	0.047
-40.500	-4.100	0.050
-40.400	-4.100	0.053
-40.300	-4.100	0.055
-40.200	-4.100	0.071
-40.100	-4.100	0.073
-40.000	-4.100	0.075
-39.900	-4.100	0.076
-39.800	-4.100	0.078
-39.700	-4.100	0.077
-39.600	-4.100	0.077
-39.500	-4.100	0.075
-39.400	-4.100	0.075
-39.300	-4.100	0.072
-39.200	-4.100	0.071
-39.100	-4.100	0.071
-39.000	-4.100	0.071
-38.900	-4.100	0.071
-38.800	-4.100	0.073
-38.700	-4.100	0.073
-38.600	-4.100	0.075
-38.500	-4.100	0.074
-38.400	-4.100	0.075
-38.300	-4.100	0.074
-38.200	-4.100	0.073
-41.100	-4.200	0.027
-41.000	-4.200	0.027
-40.900	-4.200	0.034
-40.800	-4.200	0.036
-40.700	-4.200	0.037
-40.600	-4.200	0.048
-40.500	-4.200	0.050
-40.400	-4.200	0.053
-40.300	-4.200	0.055
-40.200	-4.200	0.072
-40.100	-4.200	0.072
-40.000	-4.200	0.077
-39.900	-4.200	0.075
-39.800	-4.200	0.079
-39.700	-4.200	0.077
-39.600	-4.200	0.079
-39.500	-4.200	0.075
-39.400	-4.200	0.076
-39.300	-4.200	0.073
-39.200	-4.200	0.073
-39.100	-4.200	0.072
-39.000	-4.200	0.074
-38.900	-4.200	0.072
-38.800	-4.200	0.076
-38.700	-4.200	0.075
-38.600	-4.200	0.079
-38.500	-4.200	0.077
-38.400	-4.200	0.080
-38.300	-4.200	0.076
-38.200	-4.200	0.077
-38.100	-4.200	0.074
-41.100	-4.300	0.026
-41.000	-4.300	0.027
-40.900	-4.300	0.034
-40.800	-4.300	0.034
-40.700	-4.300	0.036
-40.600	-4.300	0.038
-40.500	-4.300	0.048
-40.400	-4.300	0.051
-40.300	-4.300	0.054
-40.200	-4.300	0.056
-40.100	-4.300	0.070
-40.000	-4.300	0.073
-39.900	-4.300	0.073
-39.800	-4.300	0.075
-39.700	-4.300	0.074
-39.600	-4.300	0.074
-39.500	-4.300	0.073
-39.400	-4.300	0.073
-39.300	-4.300	0.071
-39.200	-4.300	0.072
-39.100	-4.300	0.071
-39.000	-4.300	0.072
-38.900	-4.300	0.072
-38.800	-4.300	0.075
-38.700	-4.300	0.075
-38.600	-4.300	0.078
-38.500	-4.300	0.077
-38.400	-4.300	0.078
-38.300	-4.300	0.076
-38.200	-4.300	0.076
-38.100	-4.300	0.074
-38.000	-4.300	0.072
-41.100	-4.400	0.026
-41.000	-4.400	0.027
-40.900	-4.400	0.033
-40.800	-4.400	0.034
-40.700	-4.400	0.036
-40.600	-4.400	0.038
-40.500	-4.400	0.048
-40.400	-4.400	0.051
-40.300	-4.400	0.053
-40.200	-4.400	0.056
-40.100	-4.400	0.056
-40.000	-4.400	0.072
-39.900	-4.400	0.072
-39.800	-4.400	0.075
-39.700	-4.400	0.073
-39.600	-4.400	0.074
-39.500	-4.400	0.071
-39.400	-4.400	0.073
-39.300	-4.400	0.071
-39.200	-4.400	0.071
-39.100	-4.400	0.071
-39.000	-4.400	0.073
-38.900	-4.400	0.074
-38.800	-4.400	0.077
-38.700	-4.400	0.076
-38.600	-4.400	0.081
-38.500	-4.400	0.078
-38.400	-4.400	0.081
-38.300	-4.400	0.078
-38.200	-4.400	0.080
-38.100	-4.400	0.075
-38.000	-4.400	0.075
-37.900	-4.400	0.058
-37.800	-4.400	0.056
-41.100	-4.500	0.026
-41.000	-4.500	0.027
-40.900	-4.500	0.028
-40.800	-4.500	0.034
-40.700	-4.500	0.036
-40.600	-4.500	0.037
-40.500	-4.500	0.038
-40.400	-4.500	0.048
-40.300	-4.500	0.051
-40.200	-4.500	0.053
-40.100	-4.500	0.054
-40.000	-4.500	0.055
-39.900	-4.500	0.056
-39.800	-4.500	0.057
-39.700	-4.500	0.057
-39.600	-4.500	0.057
-39.500	-4.500	0.057
-39.400	-4.500	0.057
-39.300	-4.500	0.057
-39.200	-4.500	0.057
-39.100	-4.500	0.058
-39.000	-4.500	0.070
-38.900	-4.500	0.072
-38.800	-4.500	0.074
-38.700	-4.500	0.075
-38.600	-4.500	0.077
-38.500	-4.500	0.077
-38.400	-4.500	0.079
-38.300	-4.500	0.077
-38.200	-4.500	0.077
-38.100	-4.500	0.074
-38.000	-4.500	0.073
-37.900	-4.500	0.057
-37.800	-4.500	0.056
-41.200	-4.600	0.025
-41.100	-4.600	0.026
-41.000	-4.600	0.027
-40.900	-4.600	0.027
-40.800	-4.600	0.034
-40.700	-4.600	0.034
-40.600	-4.600	0.036
-40.500	-4.600	0.037
-40.400	-4.600	0.047
-40.300	-4.600	0.049
-40.200	-4.600	0.051
-40.100	-4.600	0.052
-40.000	-4.600	0.054
-39.900	-4.600	0.055
-39.800	-4.600	0.056
-39.700	-4.600	0.055
-39.600	-4.600	0.056
-39.500	-4.600	0.055
-39.400	-4.600	0.056
-39.300	-4.600	0.056
-39.200	-4.600	0.057
-39.100	-4.600	0.057
-39.000	-4.600	0.071
-38.900	-4.600	0.071
-38.800	-4.600	0.075
-38.700	-4.600	0.075
-38.600	-4.600	0.079
-38.500	-4.600	0.077
-38.400	-4.600	0.080
-38.300	-4.600	0.077
-38.200	-4.600	0.078
-38.100	-4.600	0.074
-38.000	-4.600	0.073
-37.900	-4.600	0.058
-37.800	-4.600	0.057
-37.700	-4.600	0.053
-41.200	-4.700	0.024
-41.100	-4.700	0.025
-41.000	-4.700	0.026
-40.900	-4.700	0.027
-40.800	-4.700	0.033
-40.700	-4.700	0.034
-40.600	-4.700	0.035
-40.500	-4.700	0.036
-40.400	-4.700	0.038
-40.300	-4.700	0.039
-40.200	-4.700	0.049
-40.100	-4.700	0.049
-40.000	-4.700	0.051
-39.900	-4.700	0.051
-39.800	-4.700	0.053
-39.700	-4.700	0.053
-39.600	-4.700	0.054
-39.500	-4.700	0.053
-39.400	-4.700	0.053
-39.300	-4.700	0.054
-39.200	-4.700	0.054
-39.100	-4.700	0.055
-39.000	-4.700	0.056
-38.900	-4.700	0.058
-38.800	-4.700	0.071
-38.700	-4.700	0.073
-38.600	-4.700	0.074
-38.500	-4.700	0.074
-38.400	-4.700	0.076
-38.300	-4.700	0.074
-38.200	-4.700	0.074
-38.100	-4.700	0.072
-38.000	-4.700	0.071
-37.900	-4.700	0.057
-37.800	-4.700	0.056
-37.700	-4.700	0.053
-37.600	-4.700	0.052
-37.500	-4.700	0.049
-37.400	-4.700	0.041
-41.200	-4.800	0.024
-41.100	-4.800	0.025
-41.000	-4.800	0.026
-40.900	-4.800	0.027
-40.800	-4.800	0.027
-40.700	-4.800	0.033
-40.600	-4.800	0.035
-40.500	-4.800	0.035
-40.400	-4.800	0.037
-40.300	-4.800	0.038
-40.200	-4.800	0.039
-40.100	-4.800	0.040
-40.000	-4.800	0.049
-39.900	-4.800	0.050
-39.800	-4.800	0.051
-39.700	-4.800	0.051
-39.600	-4.800	0.052
-39.500	-4.800	0.052
-39.400	-4.800	0.052
-39.300	-4.800	0.053
-39.200	-4.800	0.054
-39.100	-4.800	0.053
-39.000	-4.800	0.056
-38.900	-4.800	0.057
-38.800	-4.800	0.071
-38.700	-4.800	0.071
-38.600	-4.800	0.074
-38.500	-4.800	0.073
-38.400	-4.800	0.075
-38.300	-4.800	0.073
-38.200	-4.800	0.074
-38.100	-4.800	0.070
-38.000	-4.800	0.070
-37.900	-4.800	0.057
-37.800	-4.800	0.055
-37.700	-4.800	0.054
-37.600	-4.800	0.052
-37.500	-4.800	0.050
-37.400	-4.800	0.041
-37.300	-4.800	0.040
-41.200	-4.900	0.024
-41.100	-4.900	0.025
-41.000	-4.900	0.026
-40.900	-4.900	0.027
-40.800	-4.900	0.027
-40.700	-4.900	0.028
-40.600	-4.900	0.033
-40.500	-4.900	0.035
-40.400	-4.900	0.036
-40.300	-4.900	0.037
-40.200	-4.900	0.037
-40.100	-4.900	0.038
-40.000	-4.900	0.039
-39.900	-4.900	0.040
-39.800	-4.900	0.040
-39.700	-4.900	0.041
-39.600	-4.900	0.049
-39.500	-4.900	0.049
-39.400	-4.900	0.050
-39.300	-4.900	0.050
-39.200	-4.900	0.051
-39.100	-4.900	0.052
-39.000	-4.900	0.054
-38.900	-4.900	0.054
-38.800	-4.900	0.056
-38.700	-4.900	0.057
-38.600	-4.900	0.058
-38.500	-4.900	0.059
-38.400	-4.900	0.071
-38.300	-4.900	0.058
-38.200	-4.900	0.058
-38.100	-4.900	0.057
-38.000	-4.900	0.056
-37.900	-4.900	0.055
-37.800	-4.900	0.054
-37.700	-4.900	0.053
-37.600	-4.900	0.052
-37.500	-4.900	0.050
-37.400	-4.900	0.042
-37.300	-4.900	0.041
-41.100	-5.000	0.025
-41.000	-5.000	0.026
-40.900	-5.000	0.026
-40.800	-5.000	0.026
-40.700	-5.000	0.027
-40.600	-5.000	0.028
-40.500	-5.000	0.034
-40.400	-5.000	0.034
-40.300	-5.000	0.036
-40.200	-5.000	0.036
-40.100	-5.000	0.037
-40.000	-5.000	0.038
-39.900	-5.000	0.039
-39.800	-5.000	0.039
-39.700	-5.000	0.039
-39.600	-5.000	0.039
-39.500	-5.000	0.040
-39.400	-5.000	0.041
-39.300	-5.000	0.049
-39.200	-5.000	0.050
-39.100	-5.000	0.051
-39.000	-5.000	0.053
-38.900	-5.000	0.053
-38.800	-5.000	0.055
-38.700	-5.000	0.056
-38.600	-5.000	0.058
-38.500	-5.000	0.057
-38.400	-5.000	0.058
-38.300	-5.000	0.057
-38.200	-5.000	0.057
-38.100	-5.000	0.057
-38.000	-5.000	0.056
-37.900	-5.000	0.055
-37.800	-5.000	0.055
-37.700	-5.000	0.052
-37.600	-5.000	0.052
-37.500	-5.000	0.051
-37.400	-5.000	0.050
-37.300	-5.000	0.042
-37.200	-5.000	0.042
-37.100	-5.000	0.041
-37.000	-5.000	0.041
-36.900	-5.000	0.040
-41.000	-5.100	0.025
-40.900	-5.100	0.026
-40.800	-5.100	0.026
-40.700	-5.100	0.027
-40.600	-5.100	0.028
-40.500	-5.100	0.028
-40.400	-5.100	0.034
-40.300	-5.100	0.034
-40.200	-5.100	0.035
-40.100	-5.100	0.036
-40.000	-5.100	0.037
-39.900	-5.100	0.037
-39.800	-5.100	0.038
-39.700	-5.100	0.039
-39.600	-5.100	0.038
-39.500	-5.100	0.039
-39.400	-5.100	0.039
-39.300	-5.100	0.040
-39.200	-5.100	0.041
-39.100	-5.100	0.049
-39.000	-5.100	0.050
-38.900	-5.100	0.052
-38.800	-5.100	0.053
-38.700	-5.100	0.054
-38.600	-5.100	0.055
-38.500	-5.100	0.055
-38.400	-5.100	0.056
-38.300	-5.100	0.056
-38.200	-5.100	0.056
-38.100	-5.100	0.055
-38.000	-5.100	0.055
-37.900	-5.100	0.054
-37.800	-5.100	0.054
-37.700	-5.100	0.053
-37.600	-5.100	0.053
-37.500	-5.100	0.052
-37.400	-5.100	0.051
-37.300	-5.100	0.051
-37.200	-5.100	0.050
-37.100	-5.100	0.042
-37.000	-5.100	0.042
-36.900	-5.100	0.042
-36.800	-5.100	0.041
-36.700	-5.100	0.049
-36.600	-5.100	0.050
-36.500	-5.100	0.050
-36.400	-5.100	0.052
-36.300	-5.100	0.053
-36.200	-5.100	0.054
-36.100	-5.100	0.055
-36.000	-5.100	0.057
-35.900	-5.100	0.056
-35.800	-5.100	0.057
-40.900	-5.200	0.026
-40.800	-5.200	0.026
-40.700	-5.200	0.026
-40.600	-5.200	0.027
-40.500	-5.200	0.028
-40.400	-5.200	0.028
-40.300	-5.200	0.033
-40.200	-5.200	0.034
-40.100	-5.200	0.035
-40.000	-5.200	0.036
-39.900	-5.200	0.036
-39.800	-5.200	0.037
-39.700	-5.200	0.037
-39.600	-5.200	0.038
-39.500	-5.200	0.039
-39.400	-5.200	0.038
-39.300	-5.200	0.039
-39.200	-5.200	0.040
-39.100	-5.200	0.040
-39.000	-5.200	0.049
-38.900	-5.200	0.050
-38.800	-5.200	0.052
-38.700	-5.200	0.052
-38.600	-5.200	0.054
-38.500	-5.200	0.054
-38.400	-5.200	0.055
-38.300	-5.200	0.054
-38.200	-5.200	0.055
-38.100	-5.200	0.055
-38.000	-5.200	0.055
-37.900	-5.200	0.055
-37.800	-5.200	0.055
-37.700	-5.200	0.054
-37.600	-5.200	0.054
-37.500	-5.200	0.053
-37.400	-5.200	0.053
-37.300	-5.200	0.052
-37.200	-5.200	0.052
-37.100	-5.200	0.051
-37.000	-5.200	0.050
-36.900	-5.200	0.050
-36.800	-5.200	0.050
-36.700	-5.200	0.050
-36.600	-5.200	0.052
-36.500	-5.200	0.052
-36.400	-5.200	0.055
-36.300	-5.200	0.055
-36.200	-5.200	0.057
-36.100	-5.200	0.057
-36.000	-5.200	0.073
-35.900	-5.200	0.071
-35.800	-5.200	0.074
-35.700	-5.200	0.071
-35.600	-5.200	0.072
-35.500	-5.200	0.056
-40.900	-5.300	0.026
-40.800	-5.300	0.025
-40.700	-5.300	0.026
-40.600	-5.300	0.027
-40.500	-5.300	0.027
-40.400	-5.300	0.027
-40.300	-5.300	0.028
-40.200	-5.300	0.034
-40.100	-5.300	0.034
-40.000	-5.300	0.035
-39.900	-5.300	0.035
-39.800	-5.300	0.036
-39.700	-5.300	0.036
-39.600	-5.300	0.037
-39.500	-5.300	0.038
-39.400	-5.300	0.038
-39.300	-5.300	0.039
-39.200	-5.300	0.040
-39.100	-5.300	0.040
-39.000	-5.300	0.041
-38.900	-5.300	0.042
-38.800	-5.300	0.050
-38.700	-5.300	0.051
-38.600	-5.300	0.052
-38.500	-5.300	0.052
-38.400	-5.300	0.053
-38.300	-5.300	0.054
-38.200	-5.300	0.055
-38.100	-5.300	0.055
-38.000	-5.300	0.055
-37.900	-5.300	0.055
-37.800	-5.300	0.056
-37.700	-5.300	0.055
-37.600	-5.300	0.055
-37.500	-5.300	0.055
-37.400	-5.300	0.054
-37.300	-5.300	0.054
-37.200	-5.300	0.053
-37.100	-5.300	0.053
-37.000	-5.300	0.052
-36.900	-5.300	0.051
-36.800	-5.300	0.052
-36.700	-5.300	0.052
-36.600	-5.300	0.053
-36.500	-5.300	0.054
-36.400	-5.300	0.055
-36.300	-5.300	0.056
-36.200	-5.300	0.058
-36.100	-5.300	0.071
-36.000	-5.300	0.073
-35.900	-5.300	0.073
-35.800	-5.300	0.075
-35.700	-5.300	0.073
-35.600	-5.300	0.072
-35.500	-5.300	0.069
-35.400	-5.300	0.056
-40.900	-5.400	0.024
-40.800	-5.400	0.025
-40.700	-5.400	0.026
-40.600	-5.400	0.027
-40.500	-5.400	0.027
-40.400	-5.400	0.027
-40.300	-5.400	0.028
-40.200	-5.400	0.029
-40.100	-5.400	0.033
-40.000	-5.400	0.034
-39.900	-5.400	0.034
-39.800	-5.400	0.035
-39.700	-5.400	0.036
-39.600	-5.400	0.037
-39.500	-5.400	0.037
-39.400	-5.400	0.037
-39.300	-5.400	0.038
-39.200	-5.400	0.039
-39.100	-5.400	0.039
-39.000	-5.400	0.040
-38.900	-5.400	0.041
-38.800	-5.400	0.049
-38.700	-5.400	0.050
-38.600	-5.400	0.052
-38.500	-5.400	0.052
-38.400	-5.400	0.053
-38.300	-5.400	0.054
-38.200	-5.400	0.056
-38.100	-5.400	0.056
-38.000	-5.400	0.057
-37.900	-5.400	0.057
-37.800	-5.400	0.058
-37.700	-5.400	0.058
-37.600	-5.400	0.058
-37.500	-5.400	0.057
-37.400	-5.400	0.057
-37.300	-5.400	0.056
-37.200	-5.400	0.056
-37.100	-5.400	0.055
-37.000	-5.400	0.054
-36.900	-5.400	0.053
-36.800	-5.400	0.054
-36.700	-5.400	0.053
-36.600	-5.400	0.054
-36.500	-5.400	0.055
-36.400	-5.400	0.057
-36.300	-5.400	0.058
-36.200	-5.400	0.074
-36.100	-5.400	0.074
-36.000	-5.400	0.078
-35.900	-5.400	0.076
-35.800	-5.400	0.079
-35.700	-5.400	0.076
-35.600	-5.400	0.077
-35.500	-5.400	0.073
-35.400	-5.400	0.072
-40.900	-5.500	0.025
-40.800	-5.500	0.025
-40.700	-5.500	0.025
-40.600	-5.500	0.026
-40.500	-5.500	0.027
-40.400	-5.500	0.026
-40.300	-5.500	0.027
-40.200	-5.500	0.028
-40.100	-5.500	0.029
-40.000	-5.500	0.034
-39.900	-5.500	0.034
-39.800	-5.500	0.035
-39.700	-5.500	0.035
-39.600	-5.500	0.036
-39.500	-5.500	0.036
-39.400	-5.500	0.037
-39.300	-5.500	0.038
-39.200	-5.500	0.039
-39.100	-5.500	0.039
-39.000	-5.500	0.040
-38.900	-5.500	0.041
-38.800	-5.500	0.041
-38.700	-5.500	0.049
-38.600	-5.500	0.051
-38.500	-5.500	0.052
-38.400	-5.500	0.054
-38.300	-5.500	0.054
-38.200	-5.500	0.056
-38.100	-5.500	0.057
-38.000	-5.500	0.059
-37.900	-5.500	0.058
-37.800	-5.500	0.059
-37.700	-5.500	0.060
-37.600	-5.500	0.072
-37.500	-5.500	0.059
-37.400	-5.500	0.059
-37.300	-5.500	0.058
-37.200	-5.500	0.058
-37.100	-5.500	0.056
-37.000	-5.500	0.055
-36.900	-5.500	0.055
-36.800	-5.500	0.054
-36.700	-5.500	0.055
-36.600	-5.500	0.055
-36.500	-5.500	0.056
-36.400	-5.500	0.057
-36.300	-5.500	0.058
-36.200	-5.500	0.073
-36.100	-5.500	0.074
-36.000	-5.500	0.076
-35.900	-5.500	0.076
-35.800	-5.500	0.078
-35.700	-5.500	0.076
-35.600	-5.500	0.076
-35.500	-5.500	0.073
-35.400	-5.500	0.071
-35.300	-5.500	0.055
-40.900	-5.600	0.025
-40.800	-5.600	0.024
-40.700	-5.600	0.025
-40.600	-5.600	0.026
-40.500	-5.600	0.026
-40.400	-5.600	0.026
-40.300	-5.600	0.027
-40.200	-5.600	0.028
-40.100	-5.600	0.028
-40.000	-5.600	0.028
-39.900	-5.600	0.033
-39.800	-5.600	0.034
-39.700	-5.600	0.035
-39.600	-5.600	0.036
-39.500	-5.600	0.036
-39.400	-5.600	0.037
-39.300	-5.600	0.038
-39.200	-5.600	0.039
-39.100	-5.600	0.039
-39.000	-5.600	0.040
-38.900	-5.600	0.041
-38.800	-5.600	0.041
-38.700	-5.600	0.049
-38.600	-5.600	0.051
-38.500	-5.600	0.052
-38.400	-5.600	0.054
-38.300	-5.600	0.056
-38.200	-5.600	0.058
-38.100	-5.600	0.059
-38.000	-5.600	0.073
-37.900	-5.600	0.073
-37.800	-5.600	0.076
-37.700	-5.600	0.076
-37.600	-5.600	0.078
-37.500	-5.600	0.076
-37.400	-5.600	0.076
-37.300	-5.600	0.074
-37.200	-5.600	0.074
-37.100	-5.600	0.059
-37.000	-5.600	0.058
-36.900	-5.600	0.056
-36.800	-5.600	0.056
-36.700	-5.600	0.055
-36.600	-5.600	0.056
-36.500	-5.600	0.057
-36.400	-5.600	0.070
-36.300	-5.600	0.072
-36.200	-5.600	0.075
-36.100	-5.600	0.076
-36.000	-5.600	0.079
-35.900	-5.600	0.077
-35.800	-5.600	0.081
-35.700	-5.600	0.077
-35.600	-5.600	0.079
-35.500	-5.600	0.074
-35.400	-5.600	0.074
-35.300	-5.600	0.057
-40.900	-5.700	0.024
-40.800	-5.700	0.024
-40.700	-5.700	0.025
-40.600	-5.700	0.025
-40.500	-5.700	0.026
-40.400	-5.700	0.027
-40.300	-5.700	0.027
-40.200	-5.700	0.027
-40.100	-5.700	0.028
-40.000	-5.700	0.029
-39.900	-5.700	0.028
-39.800	-5.700	0.034
-39.700	-5.700	0.034
-39.600	-5.700	0.035
-39.500	-5.700	0.035
-39.400	-5.700	0.036
-39.300	-5.700	0.037
-39.200	-5.700	0.038
-39.100	-5.700	0.038
-39.000	-5.700	0.040
-38.900	-5.700	0.041
-38.800	-5.700	0.041
-38.700	-5.700	0.049
-38.600	-5.700	0.051
-38.500	-5.700	0.053
-38.400	-5.700	0.055
-38.300	-5.700	0.057
-38.200	-5.700	0.059
-38.100	-5.700	0.073
-38.000	-5.700	0.075
-37.900	-5.700	0.078
-37.800	-5.700	0.079
-37.700	-5.700	0.080
-37.600	-5.700	0.081
-37.500	-5.700	0.080
-37.400	-5.700	0.079
-37.300	-5.700	0.077
-37.200	-5.700	0.076
-37.100	-5.700	0.074
-37.000	-5.700	0.072
-36.900	-5.700	0.058
-36.800	-5.700	0.058
-36.700	-5.700	0.057
-36.600	-5.700	0.057
-36.500	-5.700	0.057
-36.400	-5.700	0.058
-36.300	-5.700	0.071
-36.200	-5.700	0.073
-36.100	-5.700	0.074
-36.000	-5.700	0.076
-35.900	-5.700	0.077
-35.800	-5.700	0.077
-35.700	-5.700	0.076
-35.600	-5.700	0.075
-35.500	-5.700	0.073
-35.400	-5.700	0.071
-35.300	-5.700	0.055
-35.200	-5.700	0.053
-40.900	-5.800	0.024
-40.800	-5.800	0.024
-40.700	-5.800	0.024
-40.600	-5.800	0.025
-40.500	-5.800	0.026
-40.400	-5.800	0.026
-40.300	-5.800	0.026
-40.200	-5.800	0.027
-40.100	-5.800	0.028
-40.000	-5.800	0.028
-39.900	-5.800	0.028
-39.800	-5.800	0.033
-39.700	-5.800	0.034
-39.600	-5.800	0.035
-39.500	-5.800	0.036
-39.400	-5.800	0.036
-39.300	-5.800	0.037
-39.200	-5.800	0.038
-39.100	-5.800	0.038
-39.000	-5.800	0.039
-38.900	-5.800	0.041
-38.800	-5.800	0.041
-38.700	-5.800	0.050
-38.600	-5.800	0.053
-38.500	-5.800	0.054
-38.400	-5.800	0.057
-38.300	-5.800	0.059
-38.200	-5.800	0.075
-38.100	-5.800	0.076
-38.000	-5.800	0.082
-37.900	-5.800	0.082
-37.800	-5.800	0.085
-37.700	-5.800	0.085
-37.600	-5.800	0.108
-37.500	-5.800	0.085
-37.400	-5.800	0.086
-37.300	-5.800	0.083
-37.200	-5.800	0.081
-37.100	-5.800	0.077
-37.000	-5.800	0.075
-36.900	-5.800	0.072
-36.800	-5.800	0.060
-36.700	-5.800	0.058
-36.600	-5.800	0.058
-36.500	-5.800	0.057
-36.400	-5.800	0.071
-36.300	-5.800	0.071
-36.200	-5.800	0.074
-36.100	-5.800	0.074
-36.000	-5.800	0.078
-35.900	-5.800	0.076
-35.800	-5.800	0.078
-35.700	-5.800	0.076
-35.600	-5.800	0.077
-35.500	-5.800	0.073
-35.400	-5.800	0.072
-35.300	-5.800	0.055
-35.200	-5.800	0.054
-40.800	-5.900	0.023
-40.700	-5.900	0.024
-40.600	-5.900	0.025
-40.500	-5.900	0.026
-40.400	-5.900	0.026
-40.300	-5.900	0.026
-40.200	-5.900	0.027
-40.100	-5.900	0.027
-40.000	-5.900	0.028
-39.900	-5.900	0.028
-39.800	-5.900	0.028
-39.700	-5.900	0.034
-39.600	-5.900	0.034
-39.500	-5.900	0.035
-39.400	-5.900	0.036
-39.300	-5.900	0.037
-39.200	-5.900	0.038
-39.100	-5.900	0.038
-39.000	-5.900	0.039
-38.900	-5.900	0.041
-38.800	-5.900	0.041
-38.700	-5.900	0.051
-38.600	-5.900	0.053
-38.500	-5.900	0.055
-38.400	-5.900	0.058
-38.300	-5.900	0.073
-38.200	-5.900	0.077
-38.100	-5.900	0.080
-38.000	-5.900	0.083
-37.900	-5.900	0.085
-37.800	-5.900	0.108
-37.700	-5.900	0.109
-37.600	-5.900	0.111
-37.500	-5.900	0.109
-37.400	-5.900	0.109
-37.300	-5.900	0.086
-37.200	-5.900	0.084
-37.100	-5.900	0.080
-37.000	-5.900	0.077
-36.900	-5.900	0.073
-36.800	-5.900	0.073
-36.700	-5.900	0.058
-36.600	-5.900	0.058
-36.500	-5.900	0.058
-36.400	-5.900	0.057
-36.300	-5.900	0.058
-36.200	-5.900	0.072
-36.100	-5.900	0.072
-36.000	-5.900	0.074
-35.900	-5.900	0.074
-35.800	-5.900	0.075
-35.700	-5.900	0.074
-35.600	-5.900	0.073
-35.500	-5.900	0.070
-35.400	-5.900	0.056
-35.300	-5.900	0.054
-35.200	-5.900	0.052
-40.800	-6.000	0.023
-40.700	-6.000	0.024
-40.600	-6.000	0.025
-40.500	-6.000	0.025
-40.400	-6.000	0.026
-40.300	-6.000	0.025
-40.200	-6.000	0.026
-40.100	-6.000	0.027
-40.000	-6.000	0.028
-39.900	-6.000	0.028
-39.800	-6.000	0.028
-39.700	-6.000	0.029
-39.600	-6.000	0.034
-39.500	-6.000	0.035
-39.400	-6.000	0.035
-39.300	-6.000	0.036
-39.200	-6.000	0.037
-39.100	-6.000	0.039
-39.000	-6.000	0.039
-38.900	-6.000	0.040
-38.800	-6.000	0.049
-38.700	-6.000	0.051
-38.600	-6.000	0.054
-38.500	-6.000	0.057
-38.400	-6.000	0.072
-38.300	-6.000	0.076
-38.200	-6.000	0.081
-38.100	-6.000	0.083
-38.000	-6.000	0.110
-37.900	-6.000	0.111
-37.800	-6.000	0.118
-37.700	-6.000	0.116
-37.600	-6.000	0.120
-37.500	-6.000	0.116
-37.400	-6.000	0.118
-37.300	-6.000	0.111
-37.200	-6.000	0.111
-37.100	-6.000	0.084
-37.000	-6.000	0.082
-36.900	-6.000	0.077
-36.800	-6.000	0.075
-36.700	-6.000	0.059
-36.600	-6.000	0.058
-36.500	-6.000	0.058
-36.400	-6.000	0.058
-36.300	-6.000	0.058
-36.200	-6.000	0.072
-36.100	-6.000	0.071
-36.000	-6.000	0.074
-35.900	-6.000	0.072
-35.800	-6.000	0.074
-35.700	-6.000	0.072
-35.600	-6.000	0.072
-35.500	-6.000	0.057
-35.400	-6.000	0.056
-35.300	-6.000	0.053
-35.200	-6.000	0.051
-40.800	-6.100	0.024
-40.700	-6.100	0.024
-40.600	-6.100	0.024
-40.500	-6.100	0.025
-40.400	-6.100	0.026
-40.300	-6.100	0.026
-40.200	-6.100	0.026
-40.100	-6.100	0.027
-40.000	-6.100	0.027
-39.900	-6.100	0.028
-39.800	-6.100	0.028
-39.700	-6.100	0.029
-39.600	-6.100	0.034
-39.500	-6.100	0.035
-39.400	-6.100	0.036
-39.300	-6.100	0.036
-39.200	-6.100	0.037
-39.100	-6.100	0.038
-39.000	-6.100	0.039
-38.900	-6.100	0.040
-38.800	-6.100	0.049
-38.700	-6.100	0.051
-38.600	-6.100	0.054
-38.500	-6.100	0.058
-38.400	-6.100	0.072
-38.300	-6.100	0.076
-38.200	-6.100	0.081
-38.100	-6.100	0.085
-38.000	-6.100	0.111
-37.900	-6.100	0.113
-37.800	-6.100	0.118
-37.700	-6.100	0.119
-37.600	-6.100	0.120
-37.500	-6.100	0.119
-37.400	-6.100	0.119
-37.300	-6.100	0.114
-37.200	-6.100	0.112
-37.100	-6.100	0.086
-37.000	-6.100	0.082
-36.900	-6.100	0.078
-36.800	-6.100	0.075
-36.700	-6.100	0.072
-36.600	-6.100	0.058
-36.500	-6.100	0.057
-36.400	-6.100	0.056
-36.300	-6.100	0.056
-36.200	-6.100	0.057
-36.100	-6.100	0.057
-36.000	-6.100	0.058
-35.900	-6.100	0.058
-35.800	-6.100	0.058
-35.700	-6.100	0.057
-35.600	-6.100	0.056
-35.500	-6.100	0.055
-35.400	-6.100	0.054
-35.300	-6.100	0.051
-35.200	-6.100	0.049
-35.100	-6.100	0.039
-40.800	-6.200	0.023
-40.700	-6.200	0.023
-40.600	-6.200	0.024
-40.500	-6.200	0.025
-40.400	-6.200	0.025
-40.300	-6.200	0.026
-40.200	-6.200	0.026
-40.100	-6.200	0.026
-40.000	-6.200	0.027
-39.900	-6.200	0.028
-39.800	-6.200	0.027
-39.700	-6.200	0.028
-39.600	-6.200	0.034
-39.500	-6.200	0.034
-39.400	-6.200	0.035
-39.300	-6.200	0.036
-39.200	-6.200	0.037
-39.100	-6.200	0.038
-39.000	-6.200	0.040
-38.900	-6.200	0.040
-38.800	-6.200	0.050
-38.700	-6.200	0.052
-38.600	-6.200	0.056
-38.500	-6.200	0.058
-38.400	-6.200	0.075
-38.300	-6.200	0.079
-38.200	-6.200	0.085
-38.100	-6.200	0.109
-38.000	-6.200	0.118
-37.900	-6.200	0.118
-37.800	-6.200	0.126
-37.700	-6.200	0.124
-37.600	-6.200	0.128
-37.500	-6.200	0.124
-37.400	-6.200	0.126
-37.300	-6.200	0.119
-37.200	-6.200	0.118
-37.100	-6.200	0.109
-37.000	-6.200	0.106
-36.900	-6.200	0.080
-36.800	-6.200	0.077
-36.700	-6.200	0.073
-36.600	-6.200	0.058
-36.500	-6.200	0.057
-36.400	-6.200	0.056
-36.300	-6.200	0.056
-36.200	-6.200	0.056
-36.100	-6.200	0.055
-36.000	-6.200	0.057
-35.900	-6.200	0.055
-35.800	-6.200	0.057
-35.700	-6.200	0.055
-35.600	-6.200	0.055
-35.500	-6.200	0.053
-35.400	-6.200	0.052
-35.300	-6.200	0.049
-35.200	-6.200	0.048
-35.100	-6.200	0.038
-40.700	-6.300	0.023
-40.600	-6.300	0.024
-40.500	-6.300	0.024
-40.400	-6.300	0.025
-40.300	-6.300	0.025
-40.200	-6.300	0.025
-40.100	-6.300	0.026
-40.000	-6.300	0.027
-39.900	-6.300	0.028
-39.800	-6.300	0.028
-39.700	-6.300	0.028
-39.600	-6.300	0.029
-39.500	-6.300	0.034
-39.400	-6.300	0.035
-39.300	-6.300	0.036
-39.200	-6.300	0.037
-39.100	-6.300	0.038
-39.000	-6.300	0.039
-38.900	-6.300	0.040
-38.800	-6.300	0.049
-38.700	-6.300	0.052
-38.600	-6.300	0.055
-38.500	-6.300	0.058
-38.400	-6.300	0.075
-38.300	-6.300	0.079
-38.200	-6.300	0.084
-38.100	-6.300	0.109
-38.000	-6.300	0.116
-37.900	-6.300	0.119
-37.800	-6.300	0.123
-37.700	-6.300	0.124
-37.600	-6.300	0.126
-37.500	-6.300	0.124
-37.400	-6.300	0.123
-37.300	-6.300	0.119
-37.200	-6.300	0.116
-37.100	-6.300	0.109
-37.000	-6.300	0.085
-36.900	-6.300	0.080
-36.800	-6.300	0.076
-36.700	-6.300	0.072
-36.600	-6.300	0.058
-36.500	-6.300	0.056
-36.400	-6.300	0.055
-36.300	-6.300	0.054
-36.200	-6.300	0.053
-36.100	-6.300	0.053
-36.000	-6.300	0.054
-35.900	-6.300	0.053
-35.800	-6.300	0.053
-35.700	-6.300	0.052
-35.600	-6.300	0.052
-35.500	-6.300	0.050
-35.400	-6.300	0.049
-35.300	-6.300	0.039
-35.200	-6.300	0.038
-35.100	-6.300	0.037
-40.800	-6.400	0.023
-40.700	-6.400	0.024
-40.600	-6.400	0.023
-40.500	-6.400	0.024
-40.400	-6.400	0.025
-40.300	-6.400	0.025
-40.200	-6.400	0.026
-40.100	-6.400	0.026
-40.000	-6.400	0.026
-39.900	-6.400	0.027
-39.800	-6.400	0.028
-39.700	-6.400	0.028
-39.600	-6.400	0.028
-39.500	-6.400	0.034
-39.400	-6.400	0.035
-39.300	-6.400	0.036
-39.200	-6.400	0.036
-39.100	-6.400	0.037
-39.000	-6.400	0.039
-38.900	-6.400	0.041
-38.800	-6.400	0.050
-38.700	-6.400	0.052
-38.600	-6.400	0.056
-38.500	-6.400	0.058
-38.400	-6.400	0.076
-38.300	-6.400	0.080
-38.200	-6.400	0.108
-38.100	-6.400	0.112
-38.000	-6.400	0.121
-37.900	-6.400	0.120
-37.800	-6.400	0.128
-37.700	-6.400	0.126
-37.600	-6.400	0.131
-37.500	-6.400	0.126
-37.400	-6.400	0.129
-37.300	-6.400	0.121
-37.200	-6.400	0.121
-37.100	-6.400	0.111
-37.000	-6.400	0.108
-36.900	-6.400	0.081
-36.800	-6.400	0.077
-36.700	-6.400	0.073
-36.600	-6.400	0.058
-36.500	-6.400	0.055
-36.400	-6.400	0.054
-36.300	-6.400	0.053
-36.200	-6.400	0.053
-36.100	-6.400	0.052
-36.000	-6.400	0.052
-35.900	-6.400	0.051
-35.800	-6.400	0.052
-35.700	-6.400	0.050
-35.600	-6.400	0.050
-35.500	-6.400	0.048
-35.400	-6.400	0.039
-35.300	-6.400	0.038
-35.200	-6.400	0.037
-35.100	-6.400	0.036
-35.000	-6.400	0.034
-40.700	-6.500	0.023
-40.600	-6.500	0.023
-40.500	-6.500	0.024
-40.400	-6.500	0.024
-40.300	-6.500	0.025
-40.200	-6.500	0.026
-40.100	-6.500	0.025
-40.000	-6.500	0.026
-39.900	-6.500	0.027
-39.800	-6.500	0.028
-39.700	-6.500	0.028
-39.600	-6.500	0.028
-39.500	-6.500	0.034
-39.400	-6.500	0.034
-39.300	-6.500	0.035
-39.200	-6.500	0.037
-39.100	-6.500	0.037
-39.000	-6.500	0.038
-38.900	-6.500	0.040
-38.800	-6.500	0.049
-38.700	-6.500	0.052
-38.600	-6.500	0.055
-38.500	-6.500	0.058
-38.400	-6.500	0.074
-38.300	-6.500	0.079
-38.200	-6.500	0.084
-38.100	-6.500	0.109
-38.000	-6.500	0.116
-37.900	-6.500	0.118
-37.800	-6.500	0.123
-37.700	-6.500	0.124
-37.600	-6.500	0.126
-37.500	-6.500	0.123
-37.400	-6.500	0.124
-37.300	-6.500	0.119
-37.200	-6.500	0.116
-37.100	-6.500	0.110
-37.000	-6.500	0.085
-36.900	-6.500	0.080
-36.800	-6.500	0.076
-36.700	-6.500	0.059
-36.600	-6.500	0.057
-36.500	-6.500	0.054
-36.400	-6.500	0.053
-36.300	-6.500	0.052
-36.200	-6.500	0.050
-36.100	-6.500	0.050
-36.000	-6.500	0.050
-35.900	-6.500	0.049
-35.800	-6.500	0.049
-35.700	-6.500	0.040
-35.600	-6.500	0.040
-35.500	-6.500	0.038
-35.400	-6.500	0.038
-35.300	-6.500	0.037
-35.200	-6.500	0.036
-35.100	-6.500	0.035
-35.000	-6.500	0.034
-40.700	-6.600	0.023
-40.600	-6.600	0.023
-40.500	-6.600	0.023
-40.400	-6.600	0.024
-40.300	-6.600	0.025
-40.200	-6.600	0.025
-40.100	-6.600	0.025
-40.000	-6.600	0.026
-39.900	-6.600	0.026
-39.800	-6.600	0.027
-39.700	-6.600	0.028
-39.600	-6.600	0.028
-39.500	-6.600	0.029
-39.400	-6.600	0.034
-39.300	-6.600	0.035
-39.200	-6.600	0.036
-39.100	-6.600	0.037
-39.000	-6.600	0.038
-38.900	-6.600	0.040
-38.800	-6.600	0.049
-38.700	-6.600	0.051
-38.600	-6.600	0.054
-38.500	-6.600	0.058
-38.400	-6.600	0.075
-38.300	-6.600	0.079
-38.200	-6.600	0.086
-38.100	-6.600	0.109
-38.000	-6.600	0.118
-37.900	-6.600	0.119
-37.800	-6.600	0.126
-37.700	-6.600	0.123
-37.600	-6.600	0.129
-37.500	-6.600	0.124
-37.400	-6.600	0.126
-37.300	-6.600	0.118
-37.200	-6.600	0.118
-37.100	-6.600	0.109
-37.000	-6.600	0.085
-36.900	-6.600	0.080
-36.800	-6.600	0.076
-36.700	-6.600	0.059
-36.600	-6.600	0.057
-36.500	-6.600	0.054
-36.400	-6.600	0.052
-36.300	-6.600	0.050
-36.200	-6.600	0.050
-36.100	-6.600	0.041
-36.000	-6.600	0.041
-35.900	-6.600	0.040
-35.800	-6.600	0.040
-35.700	-6.600	0.038
-35.600	-6.600	0.038
-35.500	-6.600	0.038
-35.400	-6.600	0.036
-35.300	-6.600	0.036
-35.200	-6.600	0.035
-35.100	-6.600	0.034
-35.000	-6.600	0.033
-40.600	-6.700	0.023
-40.500	-6.700	0.023
-40.400	-6.700	0.024
-40.300	-6.700	0.024
-40.200	-6.700	0.025
-40.100	-6.700	0.026
-40.000	-6.700	0.025
-39.900	-6.700	0.026
-39.800	-6.700	0.027
-39.700	-6.700	0.028
-39.600	-6.700	0.028
-39.500	-6.700	0.028
-39.400	-6.700	0.034
-39.300	-6.700	0.035
-39.200	-6.700	0.036
-39.100	-6.700	0.037
-39.000	-6.700	0.038
-38.900	-6.700	0.039
-38.800	-6.700	0.041
-38.700	-6.700	0.051
-38.600	-6.700	0.053
-38.500	-6.700	0.057
-38.400	-6.700	0.072
-38.300	-6.700	0.076
-38.200	-6.700	0.081
-38.100	-6.700	0.085
-38.000	-6.700	0.110
-37.900	-6.700	0.113
-37.800	-6.700	0.118
-37.700	-6.700	0.119
-37.600	-6.700	0.121
-37.500	-6.700	0.118
-37.400	-6.700	0.118
-37.300	-6.700	0.114
-37.200	-6.700	0.111
-37.100	-6.700	0.085
-37.000	-6.700	0.082
-36.900	-6.700	0.077
-36.800	-6.700	0.073
-36.700	-6.700	0.057
-36.600	-6.700	0.055
-36.500	-6.700	0.052
-36.400	-6.700	0.051
-36.300	-6.700	0.049
-36.200	-6.700	0.041
-36.100	-6.700	0.040
-36.000	-6.700	0.039
-35.900	-6.700	0.038
-35.800	-6.700	0.038
-35.700	-6.700	0.037
-35.600	-6.700	0.037
-35.500	-6.700	0.037
-35.400	-6.700	0.035
-35.300	-6.700	0.035
-35.200	-6.700	0.034
-35.100	-6.700	0.033
-35.000	-6.700	0.028
-40.400	-6.800	0.023
-40.300	-6.800	0.024
-40.200	-6.800	0.025
-40.100	-6.800	0.025
-40.000	-6.800	0.025
-39.900	-6.800	0.026
-39.800	-6.800	0.026
-39.700	-6.800	0.027
-39.600	-6.800	0.028
-39.500	-6.800	0.028
-39.400	-6.800	0.033
-39.300	-6.800	0.034
-39.200	-6.800	0.036
-39.100	-6.800	0.036
-39.000	-6.800	0.038
-38.900	-6.800	0.039
-38.800	-6.800	0.040
-38.700	-6.800	0.050
-38.600	-6.800	0.053
-38.500	-6.800	0.055
-38.400	-6.800	0.071
-38.300	-6.800	0.074
-38.200	-6.800	0.080
-38.100	-6.800	0.083
-38.000	-6.800	0.110
-37.900	-6.800	0.111
-37.800	-6.800	0.118
-37.700	-6.800	0.115
-37.600	-6.800	0.120
-37.500	-6.800	0.116
-37.400	-6.800	0.118
-37.300	-6.800	0.111
-37.200	-6.800	0.110
-37.100	-6.800	0.083
-37.000	-6.800	0.081
-36.900	-6.800	0.075
-36.800	-6.800	0.072
-36.700	-6.800	0.056
-36.600	-6.800	0.054
-36.500	-6.800	0.051
-36.400	-6.800	0.049
-36.300	-6.800	0.041
-36.200	-6.800	0.040
-36.100	-6.800	0.039
-36.000	-6.800	0.038
-35.900	-6.800	0.038
-35.800	-6.800	0.037
-35.700	-6.800	0.037
-35.600	-6.800	0.036
-35.500	-6.800	0.035
-35.400	-6.800	0.034
-35.300	-6.800	0.034
-35.200	-6.800	0.033
-35.100	-6.800	0.028
-35.000	-6.800	0.027
-40.400	-6.900	0.023
-40.300	-6.900	0.024
-40.200	-6.900	0.024
-40.100	-6.900	0.025
-40.000	-6.900	0.025
-39.900	-6.900	0.025
-39.800	-6.900	0.026
-39.700	-6.900	0.027
-39.600	-6.900	0.028
-39.500	-6.900	0.028
-39.400	-6.900	0.028
-39.300	-6.900	0.034
-39.200	-6.900	0.035
-39.100	-6.900	0.036
-39.000	-6.900	0.037
-38.900	-6.900	0.038
-38.800	-6.900	0.040
-38.700	-6.900	0.041
-38.600	-6.900	0.051
-38.500	-6.900	0.054
-38.400	-6.900	0.056
-38.300	-6.900	0.071
-38.200	-6.900	0.075
-38.100	-6.900	0.078
-38.000	-6.900	0.083
-37.900	-6.900	0.084
-37.800	-6.900	0.109
-37.700	-6.900	0.109
-37.600	-6.900	0.111
-37.500	-6.900	0.108
-37.400	-6.900	0.108
-37.300	-6.900	0.085
-37.200	-6.900	0.082
-37.100	-6.900	0.079
-37.000	-6.900	0.075
-36.900	-6.900	0.072
-36.800	-6.900	0.057
-36.700	-6.900	0.055
-36.600	-6.900	0.052
-36.500	-6.900	0.050
-36.400	-6.900	0.041
-36.300	-6.900	0.040
-36.200	-6.900	0.040
-36.100	-6.900	0.038
-36.000	-6.900	0.037
-35.900	-6.900	0.037
-35.800	-6.900	0.036
-35.700	-6.900	0.036
-35.600	-6.900	0.035
-35.500	-6.900	0.034
-35.400	-6.900	0.033
-35.300	-6.900	0.028
-35.200	-6.900	0.028
-35.100	-6.900	0.027
-35.000	-6.900	0.026
-34.900	-6.900	0.026
-40.400	-7.000	0.022
-40.300	-7.000	0.023
-40.200	-7.000	0.024
-40.100	-7.000	0.025
-40.000	-7.000	0.025
-39.900	-7.000	0.026
-39.800	-7.000	0.026
-39.700	-7.000	0.026
-39.600	-7.000	0.027
-39.500	-7.000	0.028
-39.400	-7.000	0.029
-39.300	-7.000	0.033
-39.200	-7.000	0.034
-39.100	-7.000	0.036
-39.000	-7.000	0.036
-38.900	-7.000	0.037
-38.800	-7.000	0.039
-38.700	-7.000	0.040
-38.600	-7.000	0.050
-38.500	-7.000	0.052
-38.400	-7.000	0.055
-38.300	-7.000	0.057
-38.200	-7.000	0.073
-38.100	-7.000	0.076
-38.000	-7.000	0.081
-37.900	-7.000	0.081
-37.800	-7.000	0.085
-37.700	-7.000	0.084
-37.600	-7.000	0.107
-37.500	-7.000	0.084
-37.400	-7.000	0.085
-37.300	-7.000	0.081
-37.200	-7.000	0.080
-37.100	-7.000	0.076
-37.000	-7.000	0.074
-36.900	-7.000	0.058
-36.800	-7.000	0.055
-36.700	-7.000	0.053
-36.600	-7.000	0.051
-36.500	-7.000	0.041
-36.400	-7.000	0.040
-36.300	-7.000	0.039
-36.200	-7.000	0.038
-36.100	-7.000	0.037
-36.000	-7.000	0.037
-35.900	-7.000	0.036
-35.800	-7.000	0.036
-35.700	-7.000	0.035
-35.600	-7.000	0.035
-35.500	-7.000	0.033
-35.400	-7.000	0.028
-35.300	-7.000	0.028
-35.200	-7.000	0.028
-35.100	-7.000	0.027
-35.000	-7.000	0.026
-34.900	-7.000	0.026
-40.400	-7.100	0.023
-40.300	-7.100	0.023
-40.200	-7.100	0.023
-40.100	-7.100	0.024
-40.000	-7.100	0.025
-39.900	-7.100	0.025
-39.800	-7.100	0.026
-39.700	-7.100	0.026
-39.600	-7.100	0.027
-39.500	-7.100	0.027
-39.400	-7.100	0.028
-39.300	-7.100	0.028
-39.200	-7.100	0.034
-39.100	-7.100	0.035
-39.000	-7.100	0.036
-38.900	-7.100	0.037
-38.800	-7.100	0.038
-38.700	-7.100	0.039
-38.600	-7.100	0.041
-38.500	-7.100	0.050
-38.400	-7.100	0.052
-38.300	-7.100	0.055
-38.200	-7.100	0.057
-38.100	-7.100	0.071
-38.000	-7.100	0.074
-37.900	-7.100	0.075
-37.800	-7.100	0.078
-37.700	-7.100	0.078
-37.600	-7.100	0.080
-37.500	-7.100	0.078
-37.400	-7.100	0.078
-37.300	-7.100	0.076
-37.200	-7.100	0.074
-37.100	-7.100	0.072
-37.000	-7.100	0.058
-36.900	-7.100	0.055
-36.800	-7.100	0.053
-36.700	-7.100	0.051
-36.600	-7.100	0.049
-36.500	-7.100	0.040
-36.400	-7.100	0.040
-36.300	-7.100	0.038
-36.200	-7.100	0.037
-36.100	-7.100	0.037
-36.000	-7.100	0.036
-35.900	-7.100	0.035
-35.800	-7.100	0.035
-35.700	-7.100	0.034
-35.600	-7.100	0.034
-35.500	-7.100	0.028
-35.400	-7.100	0.027
-35.300	-7.100	0.027
-35.200	-7.100	0.027
-35.100	-7.100	0.026
-35.000	-7.100	0.025
-34.900	-7.100	0.026
-40.500	-7.200	0.019
-40.400	-7.200	0.020
-40.300	-7.200	0.023
-40.200	-7.200	0.023
-40.100	-7.200	0.024
-40.000	-7.200	0.024
-39.900	-7.200	0.025
-39.800	-7.200	0.026
-39.700	-7.200	0.025
-39.600	-7.200	0.026
-39.500	-7.200	0.027
-39.400	-7.200	0.028
-39.300	-7.200	0.028
-39.200	-7.200	0.034
-39.100	-7.200	0.034
-39.000	-7.200	0.035
-38.900	-7.200	0.036
-38.800	-7.200	0.037
-38.700	-7.200	0.038
-38.600	-7.200	0.040
-38.500	-7.200	0.041
-38.400	-7.200	0.051
-38.300	-7.200	0.053
-38.200	-7.200	0.055
-38.100	-7.200	0.056
-38.000	-7.200	0.070
-37.900	-7.200	0.071
-37.800	-7.200	0.074
-37.700	-7.200	0.074
-37.600	-7.200	0.076
-37.500	-7.200	0.074
-37.400	-7.200	0.075
-37.300	-7.200	0.072
-37.200	-7.200	0.071
-37.100	-7.200	0.056
-37.000	-7.200	0.055
-36.900	-7.200	0.053
-36.800	-7.200	0.051
-36.700	-7.200	0.049
-36.600	-7.200	0.040
-36.500	-7.200	0.040
-36.400	-7.200	0.038
-36.300	-7.200	0.037
-36.200	-7.200	0.037
-36.100	-7.200	0.036
-36.000	-7.200	0.035
-35.900	-7.200	0.035
-35.800	-7.200	0.034
-35.700	-7.200	0.034
-35.600	-7.200	0.028
-35.500	-7.200	0.027
-35.400	-7.200	0.028
-35.300	-7.200	0.027
-35.200	-7.200	0.026
-35.100	-7.200	0.026
-35.000	-7.200	0.026
-34.900	-7.200	0.025
-34.800	-7.200	0.024
-40.500	-7.300	0.019
-40.400	-7.300	0.019
-40.300	-7.300	0.023
-40.200	-7.300	0.023
-40.100	-7.300	0.023
-40.000	-7.300	0.024
-39.900	-7.300	0.025
-39.800	-7.300	0.025
-39.700	-7.300	0.026
-39.600	-7.300	0.026
-39.500	-7.300	0.026
-39.400	-7.300	0.027
-39.300	-7.300	0.028
-39.200	-7.300	0.029
-39.100	-7.300	0.034
-39.000	-7.300	0.034
-38.900	-7.300	0.035
-38.800	-7.300	0.036
-38.700	-7.300	0.038
-38.600	-7.300	0.038
-38.500	-7.300	0.039
-38.400	-7.300	0.041
-38.300	-7.300	0.050
-38.200	-7.300	0.052
-38.100	-7.300	0.054
-38.000	-7.300	0.054
-37.900	-7.300	0.056
-37.800	-7.300	0.057
-37.700	-7.300	0.057
-37.600	-7.300	0.058
-37.500	-7.300	0.057
-37.400	-7.300	0.058
-37.100	-7.300	0.053
-37.000	-7.300	0.052
-36.900	-7.300	0.050
-36.800	-7.300	0.048
-36.700	-7.300	0.041
-36.600	-7.300	0.039
-36.500	-7.300	0.038
-36.400	-7.300	0.037
-36.300	-7.300	0.037
-36.200	-7.300	0.036
-36.100	-7.300	0.035
-36.000	-7.300	0.035
-35.900	-7.300	0.034
-35.800	-7.300	0.034
-35.700	-7.300	0.028
-35.600	-7.300	0.027
-35.500	-7.300	0.028
-35.400	-7.300	0.027
-35.300	-7.300	0.026
-35.200	-7.300	0.026
-35.100	-7.300	0.025
-35.000	-7.300	0.025
-34.900	-7.300	0.025
-34.800	-7.300	0.024
-39.600	-7.400	0.026
-39.500	-7.400	0.026
-39.400	-7.400	0.027
-39.300	-7.400	0.027
-39.200	-7.400	0.028
-39.100	-7.400	0.029
-39.000	-7.400	0.034
-38.900	-7.400	0.034
-38.800	-7.400	0.035
-38.700	-7.400	0.036
-38.600	-7.400	0.038
-38.500	-7.400	0.038
-38.400	-7.400	0.039
-38.300	-7.400	0.040
-38.200	-7.400	0.050
-38.100	-7.400	0.050
-38.000	-7.400	0.052
-37.900	-7.400	0.053
-37.800	-7.400	0.054
-37.700	-7.400	0.055
-37.600	-7.400	0.055
-37.500	-7.400	0.055
-37.000	-7.400	0.050
-36.900	-7.400	0.041
-36.800	-7.400	0.040
-36.700	-7.400	0.039
-36.600	-7.400	0.038
-36.500	-7.400	0.037
-36.400	-7.400	0.037
-36.300	-7.400	0.036
-36.200	-7.400	0.035
-36.100	-7.400	0.035
-36.000	-7.400	0.034
-35.900	-7.400	0.034
-35.800	-7.400	0.028
-35.700	-7.400	0.027
-35.600	-7.400	0.028
-35.500	-7.400	0.027
-35.400	-7.400	0.026
-35.100	-7.400	0.025
-35.000	-7.400	0.025
-34.900	-7.400	0.024
-39.400	-7.500	0.026
-39.300	-7.500	0.027
-39.200	-7.500	0.027
-39.100	-7.500	0.028
-39.000	-7.500	0.029
-38.900	-7.500	0.034
-38.800	-7.500	0.035
-38.700	-7.500	0.035
-38.600	-7.500	0.036
-38.500	-7.500	0.037
-38.400	-7.500	0.038
-38.300	-7.500	0.038
-38.200	-7.500	0.039
-38.100	-7.500	0.040
-38.000	-7.500	0.049
-37.900	-7.500	0.050
-37.800	-7.500	0.051
-37.700	-7.500	0.051
-37.600	-7.500	0.052
-37.000	-7.500	0.040
-36.900	-7.500	0.039
-36.800	-7.500	0.038
-36.700	-7.500	0.037
-36.600	-7.500	0.037
-36.500	-7.500	0.036
-36.400	-7.500	0.035
-36.300	-7.500	0.035
-36.200	-7.500	0.035
-36.100	-7.500	0.034
-36.000	-7.500	0.029
-35.900	-7.500	0.028
-35.800	-7.500	0.027
-35.700	-7.500	0.028
-35.600	-7.500	0.027
-34.900	-7.500	0.023
-39.400	-7.600	0.026
-39.300	-7.600	0.026
-39.200	-7.600	0.027
-39.100	-7.600	0.028
-39.000	-7.600	0.028
-38.900	-7.600	0.029
-38.800	-7.600	0.034
-38.700	-7.600	0.035
-38.600	-7.600	0.035
-38.500	-7.600	0.036
-38.400	-7.600	0.037
-38.300	-7.600	0.038
-38.200	-7.600	0.039
-38.100	-7.600	0.039
-38.000	-7.600	0.039
-37.900	-7.600	0.040
-37.800	-7.600	0.040
-37.100	-7.600	0.039
-37.000	-7.600	0.039
-36.900	-7.600	0.038
-36.800	-7.600	0.038
-36.700	-7.600	0.037
-36.600	-7.600	0.036
-36.500	-7.600	0.035
-36.400	-7.600	0.035
-36.300	-7.600	0.034
-36.200	-7.600	0.033
-36.100	-7.600	0.029
-36.000	-7.600	0.028
-35.900	-7.600	0.027
-35.800	-7.600	0.028
-35.700	-7.600	0.027
-35.600	-7.600	0.026
-39.100	-7.700	0.027
-39.000	-7.700	0.027
-38.900	-7.700	0.028
-38.600	-7.700	0.035
-38.500	-7.700	0.035
-38.400	-7.700	0.035
-38.300	-7.700	0.036
-38.200	-7.700	0.037
-38.100	-7.700	0.037
-38.000	-7.700	0.038
-37.100	-7.700	0.038
-37.000	-7.700	0.037
-36.900	-7.700	0.037
-36.800	-7.700	0.036
-36.700	-7.700	0.035
-36.600	-7.700	0.035
-36.500	-7.700	0.035
-36.400	-7.700	0.034
-36.300	-7.700	0.034
-36.200	-7.700	0.028
-36.100	-7.700	0.028
-36.000	-7.700	0.027
-35.900	-7.700	0.027
-35.800	-7.700	0.027
-35.700	-7.700	0.026
-39.000	-7.800	0.027
-38.200	-7.800	0.036
-38.100	-7.800	0.036
-37.100	-7.800	0.036
-37.000	-7.800	0.036
-36.900	-7.800	0.036
-36.800	-7.800	0.035
-36.700	-7.800	0.035
-36.600	-7.800	0.034
-36.500	-7.800	0.034
-36.400	-7.800	0.029
-36.300	-7.800	0.028
-36.000	-7.800	0.027
-37.200	-7.900	0.036
-37.100	-7.900	0.035
-37.000	-7.900	0.035
-36.900	-7.900	0.034
-36.800	-7.900	0.034
-36.700	-7.900	0.034
-36.600	-7.900	0.033
-36.500	-7.900	0.028
-37.100	-8.000	0.034
-37.000	-8.000	0.034
-36.900	-8.000	0.034
-36.800	-8.000	0.029
-36.700	-8.000	0.028
-37.100	-8.100	0.028
-37.000	-8.100	0.028
-36.900	-8.100	0.028
-36.800	-8.100	0.027
-36.700	-8.100	0.027
-37.100	-8.200	0.027
-37.000	-8.200	0.027
-36.900	-8.200	0.028
