-40.500	-2.800	0.037
-41.200	-2.900	0.032
-41.100	-2.900	0.033
-41.000	-2.900	0.034
-40.900	-2.900	0.035
-40.800	-2.900	0.035
-40.700	-2.900	0.036
-40.600	-2.900	0.037
-40.500	-2.900	0.038
-40.400	-2.900	0.038
-40.300	-2.900	0.039
-40.200	-2.900	0.048
-40.100	-2.900	0.048
-40.000	-2.900	0.049
-39.900	-2.900	0.049
-41.200	-3.000	0.033
-41.100	-3.000	0.034
-41.000	-3.000	0.035
-40.900	-3.000	0.035
-40.800	-3.000	0.036
-40.700	-3.000	0.037
-40.600	-3.000	0.038
-40.500	-3.000	0.039
-40.400	-3.000	0.048
-40.300	-3.000	0.049
-40.200	-3.000	0.050
-40.100	-3.000	0.051
-40.000	-3.000	0.052
-39.900	-3.000	0.052
-39.800	-3.000	0.053
-39.700	-3.000	0.052
-41.200	-3.100	0.034
-41.100	-3.100	0.034
-41.000	-3.100	0.035
-40.900	-3.100	0.036
-40.800	-3.100	0.037
-40.700	-3.100	0.038
-40.600	-3.100	0.039
-40.500	-3.100	0.048
-40.400	-3.100	0.049
-40.300	-3.100	0.051
-40.200	-3.100	0.052
-40.100	-3.100	0.053
-40.000	-3.100	0.054
-39.900	-3.100	0.054
-39.800	-3.100	0.055
-39.700	-3.100	0.055
-39.600	-3.100	0.055
-41.300	-3.200	0.033
-41.200	-3.200	0.034
-41.100	-3.200	0.035
-41.000	-3.200	0.036
-40.900	-3.200	0.037
-40.800	-3.200	0.038
-40.700	-3.200	0.039
-40.600	-3.200	0.048
-40.500	-3.200	0.050
-40.400	-3.200	0.052
-40.300	-3.200	0.053
-40.200	-3.200	0.055
-40.100	-3.200	0.055
-40.000	-3.200	0.070
-39.900	-3.200	0.069
-39.800	-3.200	0.071
-39.700	-3.200	0.070
-39.600	-3.200	0.071
-39.500	-3.200	0.057
-39.400	-3.200	0.057
-41.300	-3.300	0.034
-41.200	-3.300	0.035
-41.100	-3.300	0.035
-41.000	-3.300	0.036
-40.900	-3.300	0.037
-40.800	-3.300	0.039
-40.700	-3.300	0.048
-40.600	-3.300	0.050
-40.500	-3.300	0.051
-40.400	-3.300	0.053
-40.300	-3.300	0.055
-40.200	-3.300	0.069
-40.100	-3.300	0.071
-40.000	-3.300	0.073
-39.900	-3.300	0.073
-39.800	-3.300	0.074
-39.700	-3.300	0.074
-39.600	-3.300	0.074
-39.500	-3.300	0.072
-39.400	-3.300	0.072
-39.300	-3.300	0.070
-39.200	-3.300	0.057
-41.300	-3.400	0.034
-41.200	-3.400	0.035
-41.100	-3.400	0.036
-41.000	-3.400	0.037
-40.900	-3.400	0.038
-40.800	-3.400	0.047
-40.700	-3.400	0.049
-40.600	-3.400	0.051
-40.500	-3.400	0.053
-40.400	-3.400	0.056
-40.300	-3.400	0.070
-40.200	-3.400	0.074
-40.100	-3.400	0.075
-40.000	-3.400	0.078
-39.900	-3.400	0.078
-39.800	-3.400	0.080
-39.700	-3.400	0.078
-39.600	-3.400	0.079
-39.500	-3.400	0.077
-39.400	-3.400	0.076
-39.300	-3.400	0.074
-39.200	-3.400	0.073
-39.100	-3.400	0.070
-41.300	-3.500	0.034
-41.200	-3.500	0.035
-41.100	-3.500	0.036
-41.000	-3.500	0.038
-40.900	-3.500	0.039
-40.800	-3.500	0.048
-40.700	-3.500	0.050
-40.600	-3.500	0.053
-40.500	-3.500	0.055
-40.400	-3.500	0.070
-40.300	-3.500	0.073
-40.200	-3.500	0.076
-40.100	-3.500	0.078
-40.000	-3.500	0.080
-39.900	-3.500	0.081
-39.800	-3.500	0.082
-39.700	-3.500	0.081
-39.600	-3.500	0.081
-39.500	-3.500	0.080
-39.400	-3.500	0.079
-39.300	-3.500	0.076
-39.200	-3.500	0.075
-39.100	-3.500	0.073
-39.000	-3.500	0.072
-41.300	-3.600	0.035
-41.200	-3.600	0.036
-41.100	-3.600	0.037
-41.000	-3.600	0.038
-40.900	-3.600	0.047
-40.800	-3.600	0.049
-40.700	-3.600	0.052
-40.600	-3.600	0.054
-40.500	-3.600	0.069
-40.400	-3.600	0.074
-40.300	-3.600	0.076
-40.200	-3.600	0.081
-40.100	-3.600	0.081
-40.000	-3.600	0.105
-39.900	-3.600	0.103
-39.800	-3.600	0.107
-39.700	-3.600	0.104
-39.600	-3.600	0.106
-39.500	-3.600	0.083
-39.400	-3.600	0.101
-39.300	-3.600	0.080
-39.200	-3.600	0.079
-39.100	-3.600	0.076
-39.000	-3.600	0.076
-38.900	-3.600	0.074
-38.800	-3.600	0.075
-41.200	-3.700	0.036
-41.100	-3.700	0.037
-41.000	-3.700	0.038
-40.900	-3.700	0.048
-40.800	-3.700	0.050
-40.700	-3.700	0.052
-40.600	-3.700	0.055
-40.500	-3.700	0.070
-40.400	-3.700	0.075
-40.300	-3.700	0.078
-40.200	-3.700	0.081
-40.100	-3.700	0.101
-40.000	-3.700	0.105
-39.900	-3.700	0.106
-39.800	-3.700	0.108
-39.700	-3.700	0.106
-39.600	-3.700	0.107
-39.500	-3.700	0.103
-39.400	-3.700	0.102
-39.300	-3.700	0.082
-39.200	-3.700	0.081
-39.100	-3.700	0.079
-39.000	-3.700	0.078
-38.900	-3.700	0.077
-38.800	-3.700	0.077
-38.700	-3.700	0.077
-38.600	-3.700	0.077
-41.200	-3.800	0.036
-41.100	-3.800	0.038
-41.000	-3.800	0.039
-40.900	-3.800	0.048
-40.800	-3.800	0.051
-40.700	-3.800	0.053
-40.600	-3.800	0.069
-40.500	-3.800	0.072
-40.400	-3.800	0.078
-40.300	-3.800	0.080
-40.200	-3.800	0.105
-40.100	-3.800	0.105
-40.000	-3.800	0.112
-39.900	-3.800	0.110
-39.800	-3.800	0.115
-39.700	-3.800	0.111
-39.600	-3.800	0.113
-39.500	-3.800	0.108
-39.400	-3.800	0.108
-39.300	-3.800	0.102
-39.200	-3.800	0.102
-39.100	-3.800	0.082
-39.000	-3.800	0.082
-38.900	-3.800	0.080
-38.800	-3.800	0.081
-38.700	-3.800	0.080
-38.600	-3.800	0.082
-38.500	-3.800	0.081
-41.200	-3.900	0.037
-41.100	-3.900	0.038
-41.000	-3.900	0.039
-40.900	-3.900	0.049
-40.800	-3.900	0.051
-40.700	-3.900	0.054
-40.600	-3.900	0.069
-40.500	-3.900	0.073
-40.400	-3.900	0.077
-40.300	-3.900	0.080
-40.200	-3.900	0.103
-40.100	-3.900	0.106
-40.000	-3.900	0.110
-39.900	-3.900	0.110
-39.800	-3.900	0.113
-39.700	-3.900	0.111
-39.600	-3.900	0.111
-39.500	-3.900	0.108
-39.400	-3.900	0.107
-39.300	-3.900	0.103
-39.200	-3.900	0.102
-39.100	-3.900	0.083
-39.000	-3.900	0.083
-38.900	-3.900	0.082
-38.800	-3.900	0.083
-38.700	-3.900	0.083
-38.600	-3.900	0.084
-38.500	-3.900	0.083
-38.400	-3.900	0.084
-41.200	-4.000	0.037
-41.100	-4.000	0.038
-41.000	-4.000	0.039
-40.900	-4.000	0.049
-40.800	-4.000	0.052
-40.700	-4.000	0.054
-40.600	-4.000	0.070
-40.500	-4.000	0.074
-40.400	-4.000	0.079
-40.300	-4.000	0.081
-40.200	-4.000	0.107
-40.100	-4.000	0.108
-40.000	-4.000	0.114
-39.900	-4.000	0.112
-39.800	-4.000	0.117
-39.700	-4.000	0.113
-39.600	-4.000	0.116
-39.500	-4.000	0.110
-39.400	-4.000	0.111
-39.300	-4.000	0.106
-39.200	-4.000	0.106
-39.100	-4.000	0.102
-39.000	-4.000	0.104
-38.900	-4.000	0.102
-38.800	-4.000	0.106
-38.700	-4.000	0.104
-38.600	-4.000	0.108
-38.500	-4.000	0.106
-38.400	-4.000	0.109
-38.300	-4.000	0.105
-41.100	-4.100	0.038
-41.000	-4.100	0.039
-40.900	-4.100	0.049
-40.800	-4.100	0.051
-40.700	-4.100	0.054
-40.600	-4.100	0.069
-40.500	-4.100	0.073
-40.400	-4.100	0.077
-40.300	-4.100	0.080
-40.200	-4.100	0.103
-40.100	-4.100	0.106
-40.000	-4.100	0.110
-39.900	-4.100	0.111
-39.800	-4.100	0.113
-39.700	-4.100	0.111
-39.600	-4.100	0.112
-39.500	-4.100	0.109
-39.400	-4.100	0.108
-39.300	-4.100	0.105
-39.200	-4.100	0.104
-39.100	-4.100	0.103
-39.000	-4.100	0.104
-38.900	-4.100	0.103
-38.800	-4.100	0.106
-38.700	-4.100	0.106
-38.600	-4.100	0.109
-38.500	-4.100	0.108
-38.400	-4.100	0.109
-38.300	-4.100	0.107
-38.200	-4.100	0.107
-41.100	-4.200	0.038
-41.000	-4.200	0.039
-40.900	-4.200	0.049
-40.800	-4.200	0.051
-40.700	-4.200	0.054
-40.600	-4.200	0.069
-40.500	-4.200	0.073
-40.400	-4.200	0.078
-40.300	-4.200	0.080
-40.200	-4.200	0.105
-40.100	-4.200	0.106
-40.000	-4.200	0.112
-39.900	-4.200	0.110
-39.800	-4.200	0.115
-39.700	-4.200	0.111
-39.600	-4.200	0.114
-39.500	-4.200	0.109
-39.400	-4.200	0.110
-39.300	-4.200	0.106
-39.200	-4.200	0.107
-39.100	-4.200	0.104
-39.000	-4.200	0.107
-38.900	-4.200	0.106
-38.800	-4.200	0.111
-38.700	-4.200	0.110
-38.600	-4.200	0.114
-38.500	-4.200	0.112
-38.400	-4.200	0.116
-38.300	-4.200	0.111
-38.200	-4.200	0.113
-38.100	-4.200	0.107
-41.100	-4.300	0.038
-41.000	-4.300	0.039
-40.900	-4.300	0.048
-40.800	-4.300	0.051
-40.700	-4.300	0.053
-40.600	-4.300	0.055
-40.500	-4.300	0.071
-40.400	-4.300	0.075
-40.300	-4.300	0.078
-40.200	-4.300	0.082
-40.100	-4.300	0.102
-40.000	-4.300	0.106
-39.900	-4.300	0.106
-39.800	-4.300	0.109
-39.700	-4.300	0.107
-39.600	-4.300	0.108
-39.500	-4.300	0.106
-39.400	-4.300	0.106
-39.300	-4.300	0.103
-39.200	-4.300	0.104
-39.100	-4.300	0.103
-39.000	-4.300	0.105
-38.900	-4.300	0.105
-38.800	-4.300	0.109
-38.700	-4.300	0.110
-38.600	-4.300	0.113
-38.500	-4.300	0.112
-38.400	-4.300	0.114
-38.300	-4.300	0.112
-38.200	-4.300	0.111
-38.100	-4.300	0.107
-38.000	-4.300	0.105
-41.100	-4.400	0.038
-41.000	-4.400	0.039
-40.900	-4.400	0.048
-40.800	-4.400	0.050
-40.700	-4.400	0.052
-40.600	-4.400	0.055
-40.500	-4.400	0.069
-40.400	-4.400	0.074
-40.300	-4.400	0.077
-40.200	-4.400	0.081
-40.100	-4.400	0.082
-40.000	-4.400	0.105
-39.900	-4.400	0.104
-39.800	-4.400	0.108
-39.700	-4.400	0.105
-39.600	-4.400	0.108
-39.500	-4.400	0.104
-39.400	-4.400	0.106
-39.300	-4.400	0.102
-39.200	-4.400	0.104
-39.100	-4.400	0.103
-39.000	-4.400	0.107
-38.900	-4.400	0.106
-38.800	-4.400	0.112
-38.700	-4.400	0.111
-38.600	-4.400	0.117
-38.500	-4.400	0.114
-38.400	-4.400	0.118
-38.300	-4.400	0.114
-38.200	-4.400	0.115
-38.100	-4.400	0.109
-38.000	-4.400	0.109
-37.900	-4.400	0.084
-37.800	-4.400	0.082
-41.100	-4.500	0.037
-41.000	-4.500	0.038
-40.900	-4.500	0.040
-40.800	-4.500	0.049
-40.700	-4.500	0.051
-40.600	-4.500	0.053
-40.500	-4.500	0.056
-40.400	-4.500	0.071
-40.300	-4.500	0.073
-40.200	-4.500	0.077
-40.100	-4.500	0.079
-40.000	-4.500	0.081
-39.900	-4.500	0.082
-39.800	-4.500	0.083
-39.700	-4.500	0.083
-39.600	-4.500	0.084
-39.500	-4.500	0.083
-39.400	-4.500	0.083
-39.300	-4.500	0.082
-39.200	-4.500	0.083
-39.100	-4.500	0.084
-39.000	-4.500	0.103
-38.900	-4.500	0.104
-38.800	-4.500	0.108
-38.700	-4.500	0.109
-38.600	-4.500	0.112
-38.500	-4.500	0.112
-38.400	-4.500	0.114
-38.300	-4.500	0.112
-38.200	-4.500	0.112
-38.100	-4.500	0.108
-38.000	-4.500	0.105
-37.900	-4.500	0.084
-37.800	-4.500	0.081
-41.200	-4.600	0.036
-41.100	-4.600	0.037
-41.000	-4.600	0.038
-40.900	-4.600	0.039
-40.800	-4.600	0.048
-40.700	-4.600	0.050
-40.600	-4.600	0.053
-40.500	-4.600	0.054
-40.400	-4.600	0.069
-40.300	-4.600	0.071
-40.200	-4.600	0.075
-40.100	-4.600	0.076
-40.000	-4.600	0.079
-39.900	-4.600	0.079
-39.800	-4.600	0.082
-39.700	-4.600	0.081
-39.600	-4.600	0.082
-39.500	-4.600	0.081
-39.400	-4.600	0.082
-39.300	-4.600	0.081
-39.200	-4.600	0.083
-39.100	-4.600	0.083
-39.000	-4.600	0.103
-38.900	-4.600	0.103
-38.800	-4.600	0.109
-38.700	-4.600	0.109
-38.600	-4.600	0.114
-38.500	-4.600	0.112
-38.400	-4.600	0.116
-38.300	-4.600	0.112
-38.200	-4.600	0.114
-38.100	-4.600	0.108
-38.000	-4.600	0.107
-37.900	-4.600	0.084
-37.800	-4.600	0.082
-37.700	-4.600	0.078
-41.200	-4.700	0.036
-41.100	-4.700	0.037
-41.000	-4.700	0.038
-40.900	-4.700	0.039
-40.800	-4.700	0.047
-40.700	-4.700	0.049
-40.600	-4.700	0.051
-40.500	-4.700	0.053
-40.400	-4.700	0.055
-40.300	-4.700	0.056
-40.200	-4.700	0.071
-40.100	-4.700	0.072
-40.000	-4.700	0.074
-39.900	-4.700	0.075
-39.800	-4.700	0.077
-39.700	-4.700	0.077
-39.600	-4.700	0.077
-39.500	-4.700	0.077
-39.400	-4.700	0.078
-39.300	-4.700	0.078
-39.200	-4.700	0.079
-39.100	-4.700	0.080
-39.000	-4.700	0.082
-38.900	-4.700	0.084
-38.800	-4.700	0.104
-38.700	-4.700	0.105
-38.600	-4.700	0.108
-38.500	-4.700	0.108
-38.400	-4.700	0.110
-38.300	-4.700	0.108
-38.200	-4.700	0.108
-38.100	-4.700	0.104
-38.000	-4.700	0.102
-37.900	-4.700	0.082
-37.800	-4.700	0.080
-37.700	-4.700	0.077
-37.600	-4.700	0.075
-37.500	-4.700	0.072
-37.400	-4.700	0.060
-41.200	-4.800	0.036
-41.100	-4.800	0.037
-41.000	-4.800	0.037
-40.900	-4.800	0.038
-40.800	-4.800	0.039
-40.700	-4.800	0.048
-40.600	-4.800	0.050
-40.500	-4.800	0.051
-40.400	-4.800	0.053
-40.300	-4.800	0.055
-40.200	-4.800	0.056
-40.100	-4.800	0.057
-40.000	-4.800	0.072
-39.900	-4.800	0.072
-39.800	-4.800	0.074
-39.700	-4.800	0.074
-39.600	-4.800	0.075
-39.500	-4.800	0.075
-39.400	-4.800	0.076
-39.300	-4.800	0.076
-39.200	-4.800	0.078
-39.100	-4.800	0.078
-39.000	-4.800	0.081
-38.900	-4.800	0.082
-38.800	-4.800	0.103
-38.700	-4.800	0.103
-38.600	-4.800	0.108
-38.500	-4.800	0.106
-38.400	-4.800	0.110
-38.300	-4.800	0.106
-38.200	-4.800	0.108
-38.100	-4.800	0.103
-38.000	-4.800	0.103
-37.900	-4.800	0.082
-37.800	-4.800	0.081
-37.700	-4.800	0.077
-37.600	-4.800	0.075
-37.500	-4.800	0.073
-37.400	-4.800	0.060
-37.300	-4.800	0.059
-41.200	-4.900	0.035
-41.100	-4.900	0.036
-41.000	-4.900	0.037
-40.900	-4.900	0.038
-40.800	-4.900	0.039
-40.700	-4.900	0.040
-40.600	-4.900	0.048
-40.500	-4.900	0.050
-40.400	-4.900	0.051
-40.300	-4.900	0.053
-40.200	-4.900	0.054
-40.100	-4.900	0.055
-40.000	-4.900	0.057
-39.900	-4.900	0.057
-39.800	-4.900	0.058
-39.700	-4.900	0.059
-39.600	-4.900	0.071
-39.500	-4.900	0.071
-39.400	-4.900	0.072
-39.300	-4.900	0.073
-39.200	-4.900	0.074
-39.100	-4.900	0.076
-39.000	-4.900	0.078
-38.900	-4.900	0.079
-38.800	-4.900	0.082
-38.700	-4.900	0.083
-38.600	-4.900	0.085
-38.500	-4.900	0.085
-38.400	-4.900	0.103
-38.300	-4.900	0.085
-38.200	-4.900	0.085
-38.100	-4.900	0.083
-38.000	-4.900	0.083
-37.900	-4.900	0.080
-37.800	-4.900	0.079
-37.700	-4.900	0.076
-37.600	-4.900	0.075
-37.500	-4.900	0.073
-37.400	-4.900	0.061
-37.300	-4.900	0.060
-41.100	-5.000	0.036
-41.000	-5.000	0.037
-40.900	-5.000	0.038
-40.800	-5.000	0.038
-40.700	-5.000	0.039
-40.600	-5.000	0.040
-40.500	-5.000	0.049
-40.400	-5.000	0.050
-40.300	-5.000	0.051
-40.200	-5.000	0.053
-40.100	-5.000	0.054
-40.000	-5.000	0.055
-39.900	-5.000	0.056
-39.800	-5.000	0.057
-39.700	-5.000	0.057
-39.600	-5.000	0.058
-39.500	-5.000	0.058
-39.400	-5.000	0.059
-39.300	-5.000	0.071
-39.200	-5.000	0.073
-39.100	-5.000	0.074
-39.000	-5.000	0.076
-38.900	-5.000	0.077
-38.800	-5.000	0.080
-38.700	-5.000	0.081
-38.600	-5.000	0.083
-38.500	-5.000	0.083
-38.400	-5.000	0.085
-38.300	-5.000	0.084
-38.200	-5.000	0.084
-38.100	-5.000	0.082
-38.000	-5.000	0.082
-37.900	-5.000	0.080
-37.800	-5.000	0.079
-37.700	-5.000	0.077
-37.600	-5.000	0.076
-37.500	-5.000	0.074
-37.400	-5.000	0.073
-37.300	-5.000	0.061
-37.200	-5.000	0.060
-37.100	-5.000	0.060
-37.000	-5.000	0.059
-36.900	-5.000	0.059
-41.000	-5.100	0.036
-40.900	-5.100	0.037
-40.800	-5.100	0.038
-40.700	-5.100	0.039
-40.600	-5.100	0.040
-40.500	-5.100	0.040
-40.400	-5.100	0.049
-40.300	-5.100	0.050
-40.200	-5.100	0.051
-40.100	-5.100	0.052
-40.000	-5.100	0.053
-39.900	-5.100	0.054
-39.800	-5.100	0.055
-39.700	-5.100	0.055
-39.600	-5.100	0.056
-39.500	-5.100	0.057
-39.400	-5.100	0.057
-39.300	-5.100	0.058
-39.200	-5.100	0.059
-39.100	-5.100	0.071
-39.000	-5.100	0.073
-38.900	-5.100	0.075
-38.800	-5.100	0.077
-38.700	-5.100	0.078
-38.600	-5.100	0.080
-38.500	-5.100	0.080
-38.400	-5.100	0.081
-38.300	-5.100	0.081
-38.200	-5.100	0.081
-38.100	-5.100	0.080
-38.000	-5.100	0.080
-37.900	-5.100	0.079
-37.800	-5.100	0.078
-37.700	-5.100	0.077
-37.600	-5.100	0.076
-37.500	-5.100	0.075
-37.400	-5.100	0.074
-37.300	-5.100	0.073
-37.200	-5.100	0.072
-37.100	-5.100	0.061
-37.000	-5.100	0.061
-36.900	-5.100	0.060
-36.800	-5.100	0.060
-36.700	-5.100	0.071
-36.600	-5.100	0.072
-36.500	-5.100	0.074
-36.400	-5.100	0.076
-36.300	-5.100	0.077
-36.200	-5.100	0.079
-36.100	-5.100	0.080
-36.000	-5.100	0.082
-35.900	-5.100	0.082
-35.800	-5.100	0.082
-40.900	-5.200	0.037
-40.800	-5.200	0.037
-40.700	-5.200	0.038
-40.600	-5.200	0.039
-40.500	-5.200	0.040
-40.400	-5.200	0.041
-40.300	-5.200	0.049
-40.200	-5.200	0.050
-40.100	-5.200	0.051
-40.000	-5.200	0.052
-39.900	-5.200	0.052
-39.800	-5.200	0.053
-39.700	-5.200	0.054
-39.600	-5.200	0.055
-39.500	-5.200	0.056
-39.400	-5.200	0.056
-39.300	-5.200	0.057
-39.200	-5.200	0.058
-39.100	-5.200	0.059
-39.000	-5.200	0.072
-38.900	-5.200	0.073
-38.800	-5.200	0.075
-38.700	-5.200	0.076
-38.600	-5.200	0.078
-38.500	-5.200	0.078
-38.400	-5.200	0.080
-38.300	-5.200	0.080
-38.200	-5.200	0.081
-38.100	-5.200	0.080
-38.000	-5.200	0.081
-37.900	-5.200	0.080
-37.800	-5.200	0.080
-37.700	-5.200	0.078
-37.600	-5.200	0.078
-37.500	-5.200	0.077
-37.400	-5.200	0.076
-37.300	-5.200	0.075
-37.200	-5.200	0.075
-37.100	-5.200	0.073
-37.000	-5.200	0.073
-36.900	-5.200	0.073
-36.800	-5.200	0.073
-36.700	-5.200	0.074
-36.600	-5.200	0.075
-36.500	-5.200	0.076
-36.400	-5.200	0.079
-36.300	-5.200	0.080
-36.200	-5.200	0.083
-36.100	-5.200	0.084
-36.000	-5.200	0.106
-35.900	-5.200	0.104
-35.800	-5.200	0.107
-35.700	-5.200	0.104
-35.600	-5.200	0.105
-35.500	-5.200	0.082
-40.900	-5.300	0.036
-40.800	-5.300	0.037
-40.700	-5.300	0.038
-40.600	-5.300	0.038
-40.500	-5.300	0.039
-40.400	-5.300	0.040
-40.300	-5.300	0.041
-40.200	-5.300	0.049
-40.100	-5.300	0.049
-40.000	-5.300	0.050
-39.900	-5.300	0.051
-39.800	-5.300	0.052
-39.700	-5.300	0.053
-39.600	-5.300	0.054
-39.500	-5.300	0.055
-39.400	-5.300	0.055
-39.300	-5.300	0.056
-39.200	-5.300	0.057
-39.100	-5.300	0.058
-39.000	-5.300	0.059
-38.900	-5.300	0.060
-38.800	-5.300	0.073
-38.700	-5.300	0.074
-38.600	-5.300	0.076
-38.500	-5.300	0.077
-38.400	-5.300	0.078
-38.300	-5.300	0.079
-38.200	-5.300	0.080
-38.100	-5.300	0.080
-38.000	-5.300	0.080
-37.900	-5.300	0.080
-37.800	-5.300	0.081
-37.700	-5.300	0.080
-37.600	-5.300	0.080
-37.500	-5.300	0.079
-37.400	-5.300	0.079
-37.300	-5.300	0.078
-37.200	-5.300	0.077
-37.100	-5.300	0.076
-37.000	-5.300	0.075
-36.900	-5.300	0.075
-36.800	-5.300	0.075
-36.700	-5.300	0.075
-36.600	-5.300	0.077
-36.500	-5.300	0.078
-36.400	-5.300	0.080
-36.300	-5.300	0.082
-36.200	-5.300	0.084
-36.100	-5.300	0.103
-36.000	-5.300	0.106
-35.900	-5.300	0.106
-35.800	-5.300	0.108
-35.700	-5.300	0.106
-35.600	-5.300	0.105
-35.500	-5.300	0.101
-35.400	-5.300	0.082
-40.900	-5.400	0.036
-40.800	-5.400	0.037
-40.700	-5.400	0.037
-40.600	-5.400	0.038
-40.500	-5.400	0.039
-40.400	-5.400	0.039
-40.300	-5.400	0.040
-40.200	-5.400	0.041
-40.100	-5.400	0.049
-40.000	-5.400	0.049
-39.900	-5.400	0.050
-39.800	-5.400	0.051
-39.700	-5.400	0.052
-39.600	-5.400	0.053
-39.500	-5.400	0.054
-39.400	-5.400	0.055
-39.300	-5.400	0.055
-39.200	-5.400	0.056
-39.100	-5.400	0.057
-39.000	-5.400	0.059
-38.900	-5.400	0.060
-38.800	-5.400	0.071
-38.700	-5.400	0.073
-38.600	-5.400	0.075
-38.500	-5.400	0.076
-38.400	-5.400	0.078
-38.300	-5.400	0.079
-38.200	-5.400	0.081
-38.100	-5.400	0.081
-38.000	-5.400	0.083
-37.900	-5.400	0.083
-37.800	-5.400	0.084
-37.700	-5.400	0.084
-37.600	-5.400	0.084
-37.500	-5.400	0.083
-37.400	-5.400	0.083
-37.300	-5.400	0.081
-37.200	-5.400	0.081
-37.100	-5.400	0.079
-37.000	-5.400	0.078
-36.900	-5.400	0.077
-36.800	-5.400	0.077
-36.700	-5.400	0.077
-36.600	-5.400	0.079
-36.500	-5.400	0.080
-36.400	-5.400	0.083
-36.300	-5.400	0.084
-36.200	-5.400	0.107
-36.100	-5.400	0.107
-36.000	-5.400	0.113
-35.900	-5.400	0.111
-35.800	-5.400	0.114
-35.700	-5.400	0.110
-35.600	-5.400	0.112
-35.500	-5.400	0.105
-35.400	-5.400	0.105
-40.900	-5.500	0.035
-40.800	-5.500	0.036
-40.700	-5.500	0.037
-40.600	-5.500	0.038
-40.500	-5.500	0.038
-40.400	-5.500	0.039
-40.300	-5.500	0.040
-40.200	-5.500	0.040
-40.100	-5.500	0.041
-40.000	-5.500	0.049
-39.900	-5.500	0.049
-39.800	-5.500	0.050
-39.700	-5.500	0.051
-39.600	-5.500	0.052
-39.500	-5.500	0.053
-39.400	-5.500	0.054
-39.300	-5.500	0.055
-39.200	-5.500	0.056
-39.100	-5.500	0.057
-39.000	-5.500	0.058
-38.900	-5.500	0.059
-38.800	-5.500	0.060
-38.700	-5.500	0.072
-38.600	-5.500	0.074
-38.500	-5.500	0.076
-38.400	-5.500	0.078
-38.300	-5.500	0.079
-38.200	-5.500	0.081
-38.100	-5.500	0.083
-38.000	-5.500	0.085
-37.900	-5.500	0.085
-37.800	-5.500	0.087
-37.700	-5.500	0.087
-37.600	-5.500	0.105
-37.500	-5.500	0.086
-37.400	-5.500	0.086
-37.300	-5.500	0.085
-37.200	-5.500	0.084
-37.100	-5.500	0.082
-37.000	-5.500	0.081
-36.900	-5.500	0.079
-36.800	-5.500	0.079
-36.700	-5.500	0.079
-36.600	-5.500	0.080
-36.500	-5.500	0.081
-36.400	-5.500	0.083
-36.300	-5.500	0.085
-36.200	-5.500	0.106
-36.100	-5.500	0.108
-36.000	-5.500	0.111
-35.900	-5.500	0.111
-35.800	-5.500	0.113
-35.700	-5.500	0.110
-35.600	-5.500	0.110
-35.500	-5.500	0.106
-35.400	-5.500	0.103
-35.300	-5.500	0.081
-40.900	-5.600	0.035
-40.800	-5.600	0.036
-40.700	-5.600	0.036
-40.600	-5.600	0.037
-40.500	-5.600	0.038
-40.400	-5.600	0.038
-40.300	-5.600	0.039
-40.200	-5.600	0.040
-40.100	-5.600	0.040
-40.000	-5.600	0.041
-39.900	-5.600	0.049
-39.800	-5.600	0.050
-39.700	-5.600	0.051
-39.600	-5.600	0.051
-39.500	-5.600	0.052
-39.400	-5.600	0.053
-39.300	-5.600	0.054
-39.200	-5.600	0.055
-39.100	-5.600	0.056
-39.000	-5.600	0.058
-38.900	-5.600	0.059
-38.800	-5.600	0.060
-38.700	-5.600	0.072
-38.600	-5.600	0.074
-38.500	-5.600	0.076
-38.400	-5.600	0.079
-38.300	-5.600	0.081
-38.200	-5.600	0.084
-38.100	-5.600	0.086
-38.000	-5.600	0.106
-37.900	-5.600	0.107
-37.800	-5.600	0.111
-37.700	-5.600	0.110
-37.600	-5.600	0.113
-37.500	-5.600	0.110
-37.400	-5.600	0.111
-37.300	-5.600	0.108
-37.200	-5.600	0.107
-37.100	-5.600	0.086
-37.000	-5.600	0.085
-36.900	-5.600	0.082
-36.800	-5.600	0.082
-36.700	-5.600	0.081
-36.600	-5.600	0.082
-36.500	-5.600	0.083
-36.400	-5.600	0.102
-36.300	-5.600	0.104
-36.200	-5.600	0.110
-36.100	-5.600	0.110
-36.000	-5.600	0.115
-35.900	-5.600	0.113
-35.800	-5.600	0.117
-35.700	-5.600	0.113
-35.600	-5.600	0.114
-35.500	-5.600	0.108
-35.400	-5.600	0.107
-35.300	-5.600	0.082
-40.900	-5.700	0.035
-40.800	-5.700	0.035
-40.700	-5.700	0.036
-40.600	-5.700	0.037
-40.500	-5.700	0.037
-40.400	-5.700	0.038
-40.300	-5.700	0.039
-40.200	-5.700	0.039
-40.100	-5.700	0.040
-40.000	-5.700	0.041
-39.900	-5.700	0.041
-39.800	-5.700	0.049
-39.700	-5.700	0.050
-39.600	-5.700	0.051
-39.500	-5.700	0.052
-39.400	-5.700	0.053
-39.300	-5.700	0.054
-39.200	-5.700	0.055
-39.100	-5.700	0.056
-39.000	-5.700	0.057
-38.900	-5.700	0.058
-38.800	-5.700	0.060
-38.700	-5.700	0.072
-38.600	-5.700	0.075
-38.500	-5.700	0.077
-38.400	-5.700	0.080
-38.300	-5.700	0.083
-38.200	-5.700	0.086
-38.100	-5.700	0.107
-38.000	-5.700	0.110
-37.900	-5.700	0.112
-37.800	-5.700	0.115
-37.700	-5.700	0.116
-37.600	-5.700	0.117
-37.500	-5.700	0.116
-37.400	-5.700	0.115
-37.300	-5.700	0.112
-37.200	-5.700	0.110
-37.100	-5.700	0.107
-37.000	-5.700	0.104
-36.900	-5.700	0.085
-36.800	-5.700	0.083
-36.700	-5.700	0.082
-36.600	-5.700	0.082
-36.500	-5.700	0.083
-36.400	-5.700	0.084
-36.300	-5.700	0.103
-36.200	-5.700	0.107
-36.100	-5.700	0.108
-36.000	-5.700	0.111
-35.900	-5.700	0.111
-35.800	-5.700	0.113
-35.700	-5.700	0.111
-35.600	-5.700	0.110
-35.500	-5.700	0.106
-35.400	-5.700	0.103
-35.300	-5.700	0.081
-35.200	-5.700	0.078
-40.900	-5.800	0.034
-40.800	-5.800	0.035
-40.700	-5.800	0.036
-40.600	-5.800	0.036
-40.500	-5.800	0.037
-40.400	-5.800	0.038
-40.300	-5.800	0.038
-40.200	-5.800	0.039
-40.100	-5.800	0.040
-40.000	-5.800	0.040
-39.900	-5.800	0.041
-39.800	-5.800	0.048
-39.700	-5.800	0.049
-39.600	-5.800	0.050
-39.500	-5.800	0.051
-39.400	-5.800	0.052
-39.300	-5.800	0.054
-39.200	-5.800	0.055
-39.100	-5.800	0.056
-39.000	-5.800	0.057
-38.900	-5.800	0.058
-38.800	-5.800	0.060
-38.700	-5.800	0.073
-38.600	-5.800	0.076
-38.500	-5.800	0.079
-38.400	-5.800	0.083
-38.300	-5.800	0.086
-38.200	-5.800	0.109
-38.100	-5.800	0.112
-38.000	-5.800	0.118
-37.900	-5.800	0.119
-37.800	-5.800	0.125
-37.700	-5.800	0.124
-37.600	-5.800	0.157
-37.500	-5.800	0.124
-37.400	-5.800	0.125
-37.300	-5.800	0.119
-37.200	-5.800	0.119
-37.100	-5.800	0.112
-37.000	-5.800	0.110
-36.900	-5.800	0.106
-36.800	-5.800	0.086
-36.700	-5.800	0.084
-36.600	-5.800	0.084
-36.500	-5.800	0.084
-36.400	-5.800	0.104
-36.300	-5.800	0.103
-36.200	-5.800	0.108
-36.100	-5.800	0.108
-36.000	-5.800	0.113
-35.900	-5.800	0.111
-35.800	-5.800	0.115
-35.700	-5.800	0.111
-35.600	-5.800	0.112
-35.500	-5.800	0.106
-35.400	-5.800	0.105
-35.300	-5.800	0.081
-35.200	-5.800	0.078
-40.800	-5.900	0.035
-40.700	-5.900	0.035
-40.600	-5.900	0.036
-40.500	-5.900	0.037
-40.400	-5.900	0.037
-40.300	-5.900	0.038
-40.200	-5.900	0.039
-40.100	-5.900	0.039
-40.000	-5.900	0.040
-39.900	-5.900	0.041
-39.800	-5.900	0.041
-39.700	-5.900	0.049
-39.600	-5.900	0.050
-39.500	-5.900	0.051
-39.400	-5.900	0.052
-39.300	-5.900	0.053
-39.200	-5.900	0.054
-39.100	-5.900	0.056
-39.000	-5.900	0.057
-38.900	-5.900	0.058
-38.800	-5.900	0.060
-38.700	-5.900	0.073
-38.600	-5.900	0.077
-38.500	-5.900	0.080
-38.400	-5.900	0.084
-38.300	-5.900	0.106
-38.200	-5.900	0.111
-38.100	-5.900	0.116
-38.000	-5.900	0.121
-37.900	-5.900	0.124
-37.800	-5.900	0.158
-37.700	-5.900	0.159
-37.600	-5.900	0.162
-37.500	-5.900	0.159
-37.400	-5.900	0.158
-37.300	-5.900	0.124
-37.200	-5.900	0.122
-37.100	-5.900	0.116
-37.000	-5.900	0.113
-36.900	-5.900	0.107
-36.800	-5.900	0.105
-36.700	-5.900	0.085
-36.600	-5.900	0.084
-36.500	-5.900	0.083
-36.400	-5.900	0.084
-36.300	-5.900	0.085
-36.200	-5.900	0.104
-36.100	-5.900	0.105
-36.000	-5.900	0.108
-35.900	-5.900	0.107
-35.800	-5.900	0.109
-35.700	-5.900	0.107
-35.600	-5.900	0.106
-35.500	-5.900	0.102
-35.400	-5.900	0.082
-35.300	-5.900	0.078
-35.200	-5.900	0.075
-40.800	-6.000	0.034
-40.700	-6.000	0.035
-40.600	-6.000	0.035
-40.500	-6.000	0.036
-40.400	-6.000	0.037
-40.300	-6.000	0.038
-40.200	-6.000	0.038
-40.100	-6.000	0.039
-40.000	-6.000	0.040
-39.900	-6.000	0.040
-39.800	-6.000	0.041
-39.700	-6.000	0.042
-39.600	-6.000	0.049
-39.500	-6.000	0.051
-39.400	-6.000	0.052
-39.300	-6.000	0.053
-39.200	-6.000	0.054
-39.100	-6.000	0.055
-39.000	-6.000	0.057
-38.900	-6.000	0.059
-38.800	-6.000	0.071
-38.700	-6.000	0.074
-38.600	-6.000	0.079
-38.500	-6.000	0.082
-38.400	-6.000	0.105
-38.300	-6.000	0.109
-38.200	-6.000	0.118
-38.100	-6.000	0.121
-38.000	-6.000	0.161
-37.900	-6.000	0.162
-37.800	-6.000	0.172
-37.700	-6.000	0.169
-37.600	-6.000	0.176
-37.500	-6.000	0.169
-37.400	-6.000	0.172
-37.300	-6.000	0.162
-37.200	-6.000	0.161
-37.100	-6.000	0.122
-37.000	-6.000	0.119
-36.900	-6.000	0.112
-36.800	-6.000	0.108
-36.700	-6.000	0.086
-36.600	-6.000	0.085
-36.500	-6.000	0.084
-36.400	-6.000	0.084
-36.300	-6.000	0.084
-36.200	-6.000	0.104
-36.100	-6.000	0.103
-36.000	-6.000	0.107
-35.900	-6.000	0.105
-35.800	-6.000	0.108
-35.700	-6.000	0.104
-35.600	-6.000	0.105
-35.500	-6.000	0.082
-35.400	-6.000	0.081
-35.300	-6.000	0.077
-35.200	-6.000	0.075
-40.800	-6.100	0.034
-40.700	-6.100	0.034
-40.600	-6.100	0.035
-40.500	-6.100	0.036
-40.400	-6.100	0.036
-40.300	-6.100	0.037
-40.200	-6.100	0.038
-40.100	-6.100	0.039
-40.000	-6.100	0.039
-39.900	-6.100	0.040
-39.800	-6.100	0.041
-39.700	-6.100	0.041
-39.600	-6.100	0.049
-39.500	-6.100	0.050
-39.400	-6.100	0.051
-39.300	-6.100	0.053
-39.200	-6.100	0.054
-39.100	-6.100	0.055
-39.000	-6.100	0.057
-38.900	-6.100	0.059
-38.800	-6.100	0.071
-38.700	-6.100	0.075
-38.600	-6.100	0.079
-38.500	-6.100	0.083
-38.400	-6.100	0.106
-38.300	-6.100	0.111
-38.200	-6.100	0.119
-38.100	-6.100	0.124
-38.000	-6.100	0.161
-37.900	-6.100	0.166
-37.800	-6.100	0.172
-37.700	-6.100	0.173
-37.600	-6.100	0.176
-37.500	-6.100	0.173
-37.400	-6.100	0.172
-37.300	-6.100	0.166
-37.200	-6.100	0.162
-37.100	-6.100	0.124
-37.000	-6.100	0.120
-36.900	-6.100	0.113
-36.800	-6.100	0.108
-36.700	-6.100	0.104
-36.600	-6.100	0.085
-36.500	-6.100	0.083
-36.400	-6.100	0.082
-36.300	-6.100	0.082
-36.200	-6.100	0.083
-36.100	-6.100	0.083
-36.000	-6.100	0.084
-35.900	-6.100	0.083
-35.800	-6.100	0.084
-35.700	-6.100	0.082
-35.600	-6.100	0.082
-35.500	-6.100	0.079
-35.400	-6.100	0.077
-35.300	-6.100	0.074
-35.200	-6.100	0.071
-35.100	-6.100	0.056
-40.800	-6.200	0.033
-40.700	-6.200	0.034
-40.600	-6.200	0.035
-40.500	-6.200	0.035
-40.400	-6.200	0.036
-40.300	-6.200	0.037
-40.200	-6.200	0.037
-40.100	-6.200	0.038
-40.000	-6.200	0.039
-39.900	-6.200	0.040
-39.800	-6.200	0.040
-39.700	-6.200	0.041
-39.600	-6.200	0.049
-39.500	-6.200	0.050
-39.400	-6.200	0.051
-39.300	-6.200	0.052
-39.200	-6.200	0.054
-39.100	-6.200	0.055
-39.000	-6.200	0.057
-38.900	-6.200	0.059
-38.800	-6.200	0.072
-38.700	-6.200	0.076
-38.600	-6.200	0.081
-38.500	-6.200	0.085
-38.400	-6.200	0.110
-38.300	-6.200	0.115
-38.200	-6.200	0.124
-38.100	-6.200	0.158
-38.000	-6.200	0.172
-37.900	-6.200	0.173
-37.800	-6.200	0.183
-37.700	-6.200	0.180
-37.600	-6.200	0.187
-37.500	-6.200	0.180
-37.400	-6.200	0.183
-37.300	-6.200	0.173
-37.200	-6.200	0.172
-37.100	-6.200	0.159
-37.000	-6.200	0.155
-36.900	-6.200	0.116
-36.800	-6.200	0.112
-36.700	-6.200	0.106
-36.600	-6.200	0.085
-36.500	-6.200	0.083
-36.400	-6.200	0.082
-36.300	-6.200	0.081
-36.200	-6.200	0.082
-36.100	-6.200	0.081
-36.000	-6.200	0.082
-35.900	-6.200	0.081
-35.800	-6.200	0.082
-35.700	-6.200	0.080
-35.600	-6.200	0.080
-35.500	-6.200	0.077
-35.400	-6.200	0.075
-35.300	-6.200	0.072
-35.200	-6.200	0.069
-35.100	-6.200	0.055
-40.700	-6.300	0.034
-40.600	-6.300	0.034
-40.500	-6.300	0.035
-40.400	-6.300	0.036
-40.300	-6.300	0.036
-40.200	-6.300	0.037
-40.100	-6.300	0.038
-40.000	-6.300	0.039
-39.900	-6.300	0.039
-39.800	-6.300	0.040
-39.700	-6.300	0.041
-39.600	-6.300	0.042
-39.500	-6.300	0.049
-39.400	-6.300	0.051
-39.300	-6.300	0.052
-39.200	-6.300	0.053
-39.100	-6.300	0.055
-39.000	-6.300	0.057
-38.900	-6.300	0.058
-38.800	-6.300	0.072
-38.700	-6.300	0.076
-38.600	-6.300	0.080
-38.500	-6.300	0.085
-38.400	-6.300	0.108
-38.300	-6.300	0.115
-38.200	-6.300	0.123
-38.100	-6.300	0.159
-38.000	-6.300	0.168
-37.900	-6.300	0.173
-37.800	-6.300	0.180
-37.700	-6.300	0.180
-37.600	-6.300	0.184
-37.500	-6.300	0.180
-37.400	-6.300	0.180
-37.300	-6.300	0.173
-37.200	-6.300	0.169
-37.100	-6.300	0.159
-37.000	-6.300	0.124
-36.900	-6.300	0.116
-36.800	-6.300	0.111
-36.700	-6.300	0.105
-36.600	-6.300	0.084
-36.500	-6.300	0.081
-36.400	-6.300	0.080
-36.300	-6.300	0.079
-36.200	-6.300	0.078
-36.100	-6.300	0.078
-36.000	-6.300	0.078
-35.900	-6.300	0.077
-35.800	-6.300	0.077
-35.700	-6.300	0.076
-35.600	-6.300	0.075
-35.500	-6.300	0.073
-35.400	-6.300	0.071
-35.300	-6.300	0.057
-35.200	-6.300	0.055
-35.100	-6.300	0.053
-40.800	-6.400	0.033
-40.700	-6.400	0.033
-40.600	-6.400	0.034
-40.500	-6.400	0.035
-40.400	-6.400	0.035
-40.300	-6.400	0.036
-40.200	-6.400	0.037
-40.100	-6.400	0.037
-40.000	-6.400	0.038
-39.900	-6.400	0.039
-39.800	-6.400	0.040
-39.700	-6.400	0.040
-39.600	-6.400	0.041
-39.500	-6.400	0.049
-39.400	-6.400	0.050
-39.300	-6.400	0.052
-39.200	-6.400	0.053
-39.100	-6.400	0.055
-39.000	-6.400	0.056
-38.900	-6.400	0.058
-38.800	-6.400	0.072
-38.700	-6.400	0.076
-38.600	-6.400	0.081
-38.500	-6.400	0.085
-38.400	-6.400	0.111
-38.300	-6.400	0.117
-38.200	-6.400	0.157
-38.100	-6.400	0.162
-38.000	-6.400	0.175
-37.900	-6.400	0.176
-37.800	-6.400	0.187
-37.700	-6.400	0.184
-37.600	-6.400	0.191
-37.500	-6.400	0.184
-37.400	-6.400	0.187
-37.300	-6.400	0.176
-37.200	-6.400	0.176
-37.100	-6.400	0.162
-37.000	-6.400	0.158
-36.900	-6.400	0.118
-36.800	-6.400	0.113
-36.700	-6.400	0.106
-36.600	-6.400	0.085
-36.500	-6.400	0.081
-36.400	-6.400	0.079
-36.300	-6.400	0.077
-36.200	-6.400	0.077
-36.100	-6.400	0.075
-36.000	-6.400	0.076
-35.900	-6.400	0.074
-35.800	-6.400	0.075
-35.700	-6.400	0.073
-35.600	-6.400	0.072
-35.500	-6.400	0.070
-35.400	-6.400	0.057
-35.300	-6.400	0.055
-35.200	-6.400	0.054
-35.100	-6.400	0.052
-35.000	-6.400	0.050
-40.700	-6.500	0.033
-40.600	-6.500	0.034
-40.500	-6.500	0.034
-40.400	-6.500	0.035
-40.300	-6.500	0.036
-40.200	-6.500	0.036
-40.100	-6.500	0.037
-40.000	-6.500	0.038
-39.900	-6.500	0.039
-39.800	-6.500	0.039
-39.700	-6.500	0.040
-39.600	-6.500	0.041
-39.500	-6.500	0.049
-39.400	-6.500	0.050
-39.300	-6.500	0.051
-39.200	-6.500	0.053
-39.100	-6.500	0.054
-39.000	-6.500	0.056
-38.900	-6.500	0.058
-38.800	-6.500	0.071
-38.700	-6.500	0.075
-38.600	-6.500	0.080
-38.500	-6.500	0.084
-38.400	-6.500	0.108
-38.300	-6.500	0.115
-38.200	-6.500	0.123
-38.100	-6.500	0.159
-38.000	-6.500	0.168
-37.900	-6.500	0.173
-37.800	-6.500	0.180
-37.700	-6.500	0.180
-37.600	-6.500	0.183
-37.500	-6.500	0.180
-37.400	-6.500	0.180
-37.300	-6.500	0.173
-37.200	-6.500	0.169
-37.100	-6.500	0.159
-37.000	-6.500	0.123
-36.900	-6.500	0.116
-36.800	-6.500	0.110
-36.700	-6.500	0.086
-36.600	-6.500	0.083
-36.500	-6.500	0.079
-36.400	-6.500	0.077
-36.300	-6.500	0.075
-36.200	-6.500	0.074
-36.100	-6.500	0.073
-36.000	-6.500	0.072
-35.900	-6.500	0.071
-35.800	-6.500	0.070
-35.700	-6.500	0.058
-35.600	-6.500	0.057
-35.500	-6.500	0.056
-35.400	-6.500	0.055
-35.300	-6.500	0.053
-35.200	-6.500	0.052
-35.100	-6.500	0.050
-35.000	-6.500	0.049
-40.700	-6.600	0.033
-40.600	-6.600	0.033
-40.500	-6.600	0.034
-40.400	-6.600	0.035
-40.300	-6.600	0.035
-40.200	-6.600	0.036
-40.100	-6.600	0.037
-40.000	-6.600	0.038
-39.900	-6.600	0.038
-39.800	-6.600	0.039
-39.700	-6.600	0.040
-39.600	-6.600	0.041
-39.500	-6.600	0.041
-39.400	-6.600	0.049
-39.300	-6.600	0.051
-39.200	-6.600	0.052
-39.100	-6.600	0.054
-39.000	-6.600	0.056
-38.900	-6.600	0.057
-38.800	-6.600	0.071
-38.700	-6.600	0.075
-38.600	-6.600	0.080
-38.500	-6.600	0.084
-38.400	-6.600	0.109
-38.300	-6.600	0.114
-38.200	-6.600	0.124
-38.100	-6.600	0.158
-38.000	-6.600	0.172
-37.900	-6.600	0.172
-37.800	-6.600	0.183
-37.700	-6.600	0.180
-37.600	-6.600	0.187
-37.500	-6.600	0.180
-37.400	-6.600	0.183
-37.300	-6.600	0.172
-37.200	-6.600	0.172
-37.100	-6.600	0.158
-37.000	-6.600	0.125
-36.900	-6.600	0.115
-36.800	-6.600	0.110
-36.700	-6.600	0.086
-36.600	-6.600	0.082
-36.500	-6.600	0.078
-36.400	-6.600	0.076
-36.300	-6.600	0.073
-36.200	-6.600	0.072
-36.100	-6.600	0.059
-36.000	-6.600	0.059
-35.900	-6.600	0.058
-35.800	-6.600	0.057
-35.700	-6.600	0.056
-35.600	-6.600	0.056
-35.500	-6.600	0.054
-35.400	-6.600	0.053
-35.300	-6.600	0.052
-35.200	-6.600	0.051
-35.100	-6.600	0.049
-35.000	-6.600	0.048
-40.600	-6.700	0.033
-40.500	-6.700	0.034
-40.400	-6.700	0.034
-40.300	-6.700	0.035
-40.200	-6.700	0.036
-40.100	-6.700	0.036
-40.000	-6.700	0.037
-39.900	-6.700	0.038
-39.800	-6.700	0.039
-39.700	-6.700	0.039
-39.600	-6.700	0.040
-39.500	-6.700	0.041
-39.400	-6.700	0.049
-39.300	-6.700	0.050
-39.200	-6.700	0.052
-39.100	-6.700	0.053
-39.000	-6.700	0.055
-38.900	-6.700	0.057
-38.800	-6.700	0.059
-38.700	-6.700	0.073
-38.600	-6.700	0.078
-38.500	-6.700	0.082
-38.400	-6.700	0.104
-38.300	-6.700	0.111
-38.200	-6.700	0.118
-38.100	-6.700	0.123
-38.000	-6.700	0.161
-37.900	-6.700	0.165
-37.800	-6.700	0.172
-37.700	-6.700	0.173
-37.600	-6.700	0.176
-37.500	-6.700	0.173
-37.400	-6.700	0.172
-37.300	-6.700	0.165
-37.200	-6.700	0.161
-37.100	-6.700	0.123
-37.000	-6.700	0.119
-36.900	-6.700	0.111
-36.800	-6.700	0.106
-36.700	-6.700	0.084
-36.600	-6.700	0.080
-36.500	-6.700	0.076
-36.400	-6.700	0.074
-36.300	-6.700	0.071
-36.200	-6.700	0.059
-36.100	-6.700	0.058
-36.000	-6.700	0.057
-35.900	-6.700	0.056
-35.800	-6.700	0.056
-35.700	-6.700	0.055
-35.600	-6.700	0.054
-35.500	-6.700	0.053
-35.400	-6.700	0.051
-35.300	-6.700	0.050
-35.200	-6.700	0.049
-35.100	-6.700	0.048
-35.000	-6.700	0.040
-40.400	-6.800	0.034
-40.300	-6.800	0.035
-40.200	-6.800	0.035
-40.100	-6.800	0.036
-40.000	-6.800	0.037
-39.900	-6.800	0.038
-39.800	-6.800	0.038
-39.700	-6.800	0.039
-39.600	-6.800	0.040
-39.500	-6.800	0.041
-39.400	-6.800	0.048
-39.300	-6.800	0.050
-39.200	-6.800	0.051
-39.100	-6.800	0.053
-39.000	-6.800	0.054
-38.900	-6.800	0.056
-38.800	-6.800	0.058
-38.700	-6.800	0.072
-38.600	-6.800	0.077
-38.500	-6.800	0.080
-38.400	-6.800	0.103
-38.300	-6.800	0.108
-38.200	-6.800	0.117
-38.100	-6.800	0.120
-38.000	-6.800	0.160
-37.900	-6.800	0.161
-37.800	-6.800	0.171
-37.700	-6.800	0.168
-37.600	-6.800	0.175
-37.500	-6.800	0.168
-37.400	-6.800	0.171
-37.300	-6.800	0.161
-37.200	-6.800	0.160
-37.100	-6.800	0.121
-37.000	-6.800	0.118
-36.900	-6.800	0.109
-36.800	-6.800	0.104
-36.700	-6.800	0.082
-36.600	-6.800	0.079
-36.500	-6.800	0.075
-36.400	-6.800	0.072
-36.300	-6.800	0.059
-36.200	-6.800	0.058
-36.100	-6.800	0.057
-36.000	-6.800	0.056
-35.900	-6.800	0.055
-35.800	-6.800	0.054
-35.700	-6.800	0.053
-35.600	-6.800	0.052
-35.500	-6.800	0.051
-35.400	-6.800	0.050
-35.300	-6.800	0.049
-35.200	-6.800	0.048
-35.100	-6.800	0.040
-35.000	-6.800	0.039
-40.400	-6.900	0.034
-40.300	-6.900	0.034
-40.200	-6.900	0.035
-40.100	-6.900	0.036
-40.000	-6.900	0.036
-39.900	-6.900	0.037
-39.800	-6.900	0.038
-39.700	-6.900	0.039
-39.600	-6.900	0.040
-39.500	-6.900	0.040
-39.400	-6.900	0.041
-39.300	-6.900	0.049
-39.200	-6.900	0.051
-39.100	-6.900	0.052
-39.000	-6.900	0.054
-38.900	-6.900	0.055
-38.800	-6.900	0.057
-38.700	-6.900	0.059
-38.600	-6.900	0.074
-38.500	-6.900	0.078
-38.400	-6.900	0.082
-38.300	-6.900	0.104
-38.200	-6.900	0.110
-38.100	-6.900	0.114
-38.000	-6.900	0.120
-37.900	-6.900	0.123
-37.800	-6.900	0.157
-37.700	-6.900	0.158
-37.600	-6.900	0.161
-37.500	-6.900	0.158
-37.400	-6.900	0.158
-37.300	-6.900	0.123
-37.200	-6.900	0.120
-37.100	-6.900	0.115
-37.000	-6.900	0.110
-36.900	-6.900	0.105
-36.800	-6.900	0.083
-36.700	-6.900	0.079
-36.600	-6.900	0.076
-36.500	-6.900	0.073
-36.400	-6.900	0.059
-36.300	-6.900	0.058
-36.200	-6.900	0.057
-36.100	-6.900	0.056
-36.000	-6.900	0.055
-35.900	-6.900	0.054
-35.800	-6.900	0.053
-35.700	-6.900	0.052
-35.600	-6.900	0.051
-35.500	-6.900	0.050
-35.400	-6.900	0.049
-35.300	-6.900	0.041
-35.200	-6.900	0.040
-35.100	-6.900	0.039
-35.000	-6.900	0.038
-34.900	-6.900	0.038
-40.400	-7.000	0.033
-40.300	-7.000	0.034
-40.200	-7.000	0.035
-40.100	-7.000	0.035
-40.000	-7.000	0.036
-39.900	-7.000	0.037
-39.800	-7.000	0.038
-39.700	-7.000	0.038
-39.600	-7.000	0.039
-39.500	-7.000	0.040
-39.400	-7.000	0.041
-39.300	-7.000	0.048
-39.200	-7.000	0.050
-39.100	-7.000	0.051
-39.000	-7.000	0.053
-38.900	-7.000	0.054
-38.800	-7.000	0.056
-38.700	-7.000	0.058
-38.600	-7.000	0.072
-38.500	-7.000	0.076
-38.400	-7.000	0.080
-38.300	-7.000	0.083
-38.200	-7.000	0.107
-38.100	-7.000	0.110
-38.000	-7.000	0.117
-37.900	-7.000	0.118
-37.800	-7.000	0.124
-37.700	-7.000	0.122
-37.600	-7.000	0.156
-37.500	-7.000	0.122
-37.400	-7.000	0.124
-37.300	-7.000	0.118
-37.200	-7.000	0.117
-37.100	-7.000	0.110
-37.000	-7.000	0.107
-36.900	-7.000	0.084
-36.800	-7.000	0.081
-36.700	-7.000	0.077
-36.600	-7.000	0.074
-36.500	-7.000	0.060
-36.400	-7.000	0.058
-36.300	-7.000	0.057
-36.200	-7.000	0.056
-36.100	-7.000	0.054
-36.000	-7.000	0.053
-35.900	-7.000	0.052
-35.800	-7.000	0.052
-35.700	-7.000	0.051
-35.600	-7.000	0.050
-35.500	-7.000	0.049
-35.400	-7.000	0.041
-35.300	-7.000	0.040
-35.200	-7.000	0.039
-35.100	-7.000	0.039
-35.000	-7.000	0.038
-34.900	-7.000	0.037
-40.400	-7.100	0.033
-40.300	-7.100	0.033
-40.200	-7.100	0.034
-40.100	-7.100	0.035
-40.000	-7.100	0.036
-39.900	-7.100	0.036
-39.800	-7.100	0.037
-39.700	-7.100	0.038
-39.600	-7.100	0.039
-39.500	-7.100	0.039
-39.400	-7.100	0.040
-39.300	-7.100	0.041
-39.200	-7.100	0.049
-39.100	-7.100	0.050
-39.000	-7.100	0.052
-38.900	-7.100	0.053
-38.800	-7.100	0.055
-38.700	-7.100	0.057
-38.600	-7.100	0.059
-38.500	-7.100	0.073
-38.400	-7.100	0.076
-38.300	-7.100	0.079
-38.200	-7.100	0.083
-38.100	-7.100	0.104
-38.000	-7.100	0.108
-37.900	-7.100	0.110
-37.800	-7.100	0.114
-37.700	-7.100	0.114
-37.600	-7.100	0.116
-37.500	-7.100	0.114
-37.400	-7.100	0.114
-37.300	-7.100	0.110
-37.200	-7.100	0.108
-37.100	-7.100	0.104
-37.000	-7.100	0.084
-36.900	-7.100	0.080
-36.800	-7.100	0.077
-36.700	-7.100	0.074
-36.600	-7.100	0.071
-36.500	-7.100	0.058
-36.400	-7.100	0.057
-36.300	-7.100	0.056
-36.200	-7.100	0.054
-36.100	-7.100	0.053
-36.000	-7.100	0.052
-35.900	-7.100	0.051
-35.800	-7.100	0.050
-35.700	-7.100	0.049
-35.600	-7.100	0.048
-35.500	-7.100	0.041
-35.400	-7.100	0.040
-35.300	-7.100	0.039
-35.200	-7.100	0.039
-35.100	-7.100	0.038
-35.000	-7.100	0.037
-34.900	-7.100	0.037
-40.500	-7.200	0.028
-40.400	-7.200	0.028
-40.300	-7.200	0.033
-40.200	-7.200	0.034
-40.100	-7.200	0.034
-40.000	-7.200	0.035
-39.900	-7.200	0.036
-39.800	-7.200	0.037
-39.700	-7.200	0.037
-39.600	-7.200	0.038
-39.500	-7.200	0.039
-39.400	-7.200	0.040
-39.300	-7.200	0.041
-39.200	-7.200	0.048
-39.100	-7.200	0.050
-39.000	-7.200	0.051
-38.900	-7.200	0.052
-38.800	-7.200	0.054
-38.700	-7.200	0.055
-38.600	-7.200	0.057
-38.500	-7.200	0.059
-38.400	-7.200	0.074
-38.300	-7.200	0.076
-38.200	-7.200	0.080
-38.100	-7.200	0.082
-38.000	-7.200	0.103
-37.900	-7.200	0.104
-37.800	-7.200	0.108
-37.700	-7.200	0.108
-37.600	-7.200	0.110
-37.500	-7.200	0.108
-37.400	-7.200	0.108
-37.300	-7.200	0.104
-37.200	-7.200	0.103
-37.100	-7.200	0.082
-37.000	-7.200	0.080
-36.900	-7.200	0.077
-36.800	-7.200	0.074
-36.700	-7.200	0.071
-36.600	-7.200	0.059
-36.500	-7.200	0.057
-36.400	-7.200	0.056
-36.300	-7.200	0.054
-36.200	-7.200	0.053
-36.100	-7.200	0.052
-36.000	-7.200	0.051
-35.900	-7.200	0.050
-35.800	-7.200	0.049
-35.700	-7.200	0.048
-35.600	-7.200	0.041
-35.500	-7.200	0.040
-35.400	-7.200	0.039
-35.300	-7.200	0.039
-35.200	-7.200	0.038
-35.100	-7.200	0.037
-35.000	-7.200	0.037
-34.900	-7.200	0.036
-34.800	-7.200	0.035
-40.500	-7.300	0.027
-40.400	-7.300	0.028
-40.300	-7.300	0.033
-40.200	-7.300	0.033
-40.100	-7.300	0.034
-40.000	-7.300	0.035
-39.900	-7.300	0.035
-39.800	-7.300	0.036
-39.700	-7.300	0.037
-39.600	-7.300	0.038
-39.500	-7.300	0.038
-39.400	-7.300	0.039
-39.300	-7.300	0.040
-39.200	-7.300	0.041
-39.100	-7.300	0.049
-39.000	-7.300	0.050
-38.900	-7.300	0.051
-38.800	-7.300	0.053
-38.700	-7.300	0.054
-38.600	-7.300	0.056
-38.500	-7.300	0.057
-38.400	-7.300	0.059
-38.300	-7.300	0.072
-38.200	-7.300	0.075
-38.100	-7.300	0.077
-38.000	-7.300	0.080
-37.900	-7.300	0.081
-37.800	-7.300	0.083
-37.700	-7.300	0.083
-37.600	-7.300	0.084
-37.500	-7.300	0.084
-37.400	-7.300	0.083
-37.100	-7.300	0.078
-37.000	-7.300	0.076
-36.900	-7.300	0.073
-36.800	-7.300	0.071
-36.700	-7.300	0.058
-36.600	-7.300	0.057
-36.500	-7.300	0.056
-36.400	-7.300	0.054
-36.300	-7.300	0.053
-36.200	-7.300	0.052
-36.100	-7.300	0.051
-36.000	-7.300	0.050
-35.900	-7.300	0.049
-35.800	-7.300	0.048
-35.700	-7.300	0.041
-35.600	-7.300	0.040
-35.500	-7.300	0.039
-35.400	-7.300	0.039
-35.300	-7.300	0.038
-35.200	-7.300	0.037
-35.100	-7.300	0.037
-35.000	-7.300	0.036
-34.900	-7.300	0.035
-34.800	-7.300	0.035
-39.600	-7.400	0.037
-39.500	-7.400	0.038
-39.400	-7.400	0.039
-39.300	-7.400	0.039
-39.200	-7.400	0.040
-39.100	-7.400	0.041
-39.000	-7.400	0.049
-38.900	-7.400	0.050
-38.800	-7.400	0.052
-38.700	-7.400	0.053
-38.600	-7.400	0.054
-38.500	-7.400	0.056
-38.400	-7.400	0.057
-38.300	-7.400	0.058
-38.200	-7.400	0.072
-38.100	-7.400	0.073
-38.000	-7.400	0.076
-37.900	-7.400	0.077
-37.800	-7.400	0.079
-37.700	-7.400	0.079
-37.600	-7.400	0.080
-37.500	-7.400	0.079
-37.000	-7.400	0.072
-36.900	-7.400	0.059
-36.800	-7.400	0.058
-36.700	-7.400	0.057
-36.600	-7.400	0.055
-36.500	-7.400	0.054
-36.400	-7.400	0.053
-36.300	-7.400	0.052
-36.200	-7.400	0.051
-36.100	-7.400	0.050
-36.000	-7.400	0.049
-35.900	-7.400	0.048
-35.800	-7.400	0.041
-35.700	-7.400	0.040
-35.600	-7.400	0.039
-35.500	-7.400	0.039
-35.400	-7.400	0.038
-35.100	-7.400	0.036
-35.000	-7.400	0.035
-34.900	-7.400	0.035
-39.400	-7.500	0.038
-39.300	-7.500	0.039
-39.200	-7.500	0.040
-39.100	-7.500	0.040
-39.000	-7.500	0.041
-38.900	-7.500	0.049
-38.800	-7.500	0.050
-38.700	-7.500	0.051
-38.600	-7.500	0.053
-38.500	-7.500	0.054
-38.400	-7.500	0.055
-38.300	-7.500	0.056
-38.200	-7.500	0.058
-38.100	-7.500	0.059
-38.000	-7.500	0.071
-37.900	-7.500	0.072
-37.800	-7.500	0.073
-37.700	-7.500	0.074
-37.600	-7.500	0.074
-37.000	-7.500	0.058
-36.900	-7.500	0.057
-36.800	-7.500	0.056
-36.700	-7.500	0.055
-36.600	-7.500	0.054
-36.500	-7.500	0.053
-36.400	-7.500	0.052
-36.300	-7.500	0.051
-36.200	-7.500	0.050
-36.100	-7.500	0.049
-36.000	-7.500	0.041
-35.900	-7.500	0.041
-35.800	-7.500	0.040
-35.700	-7.500	0.039
-35.600	-7.500	0.039
-34.900	-7.500	0.034
-39.400	-7.600	0.038
-39.300	-7.600	0.038
-39.200	-7.600	0.039
-39.100	-7.600	0.040
-39.000	-7.600	0.040
-38.900	-7.600	0.041
-38.800	-7.600	0.049
-38.700	-7.600	0.050
-38.600	-7.600	0.051
-38.500	-7.600	0.052
-38.400	-7.600	0.054
-38.300	-7.600	0.054
-38.200	-7.600	0.056
-38.100	-7.600	0.056
-38.000	-7.600	0.057
-37.900	-7.600	0.058
-37.800	-7.600	0.059
-37.100	-7.600	0.057
-37.000	-7.600	0.056
-36.900	-7.600	0.055
-36.800	-7.600	0.054
-36.700	-7.600	0.053
-36.600	-7.600	0.052
-36.500	-7.600	0.051
-36.400	-7.600	0.050
-36.300	-7.600	0.050
-36.200	-7.600	0.049
-36.100	-7.600	0.041
-36.000	-7.600	0.040
-35.900	-7.600	0.040
-35.800	-7.600	0.039
-35.700	-7.600	0.039
-35.600	-7.600	0.038
-39.100	-7.700	0.039
-39.000	-7.700	0.040
-38.900	-7.700	0.040
-38.600	-7.700	0.050
-38.500	-7.700	0.051
-38.400	-7.700	0.052
-38.300	-7.700	0.053
-38.200	-7.700	0.054
-38.100	-7.700	0.054
-38.000	-7.700	0.055
-37.100	-7.700	0.055
-37.000	-7.700	0.054
-36.900	-7.700	0.053
-36.800	-7.700	0.053
-36.700	-7.700	0.052
-36.600	-7.700	0.051
-36.500	-7.700	0.050
-36.400	-7.700	0.049
-36.300	-7.700	0.048
-36.200	-7.700	0.041
-36.100	-7.700	0.040
-36.000	-7.700	0.040
-35.900	-7.700	0.039
-35.800	-7.700	0.038
-35.700	-7.700	0.038
-39.000	-7.800	0.039
-38.200	-7.800	0.052
-38.100	-7.800	0.052
-37.100	-7.800	0.053
-37.000	-7.800	0.052
-36.900	-7.800	0.052
-36.800	-7.800	0.051
-36.700	-7.800	0.050
-36.600	-7.800	0.049
-36.500	-7.800	0.049
-36.400	-7.800	0.041
-36.300	-7.800	0.041
-36.000	-7.800	0.039
-37.200	-7.900	0.052
-37.100	-7.900	0.051
-37.000	-7.900	0.051
-36.900	-7.900	0.050
-36.800	-7.900	0.049
-36.700	-7.900	0.049
-36.600	-7.900	0.048
-36.500	-7.900	0.041
-37.100	-8.000	0.049
-37.000	-8.000	0.049
-36.900	-8.000	0.048
-36.800	-8.000	0.041
-36.700	-8.000	0.041
-37.100	-8.100	0.041
-37.000	-8.100	0.041
-36.900	-8.100	0.040
-36.800	-8.100	0.040
-36.700	-8.100	0.040
-37.100	-8.200	0.040
-37.000	-8.200	0.040
-36.900	-8.200	0.039
