-40.500	-2.800	0.046
-41.200	-2.900	0.035
-41.100	-2.900	0.037
-41.000	-2.900	0.039
-40.900	-2.900	0.041
-40.800	-2.900	0.043
-40.700	-2.900	0.045
-40.600	-2.900	0.047
-40.500	-2.900	0.052
-40.400	-2.900	0.054
-40.300	-2.900	0.057
-40.200	-2.900	0.059
-40.100	-2.900	0.061
-40.000	-2.900	0.062
-39.900	-2.900	0.063
-41.200	-3.000	0.036
-41.100	-3.000	0.039
-41.000	-3.000	0.041
-40.900	-3.000	0.043
-40.800	-3.000	0.045
-40.700	-3.000	0.047
-40.600	-3.000	0.053
-40.500	-3.000	0.056
-40.400	-3.000	0.059
-40.300	-3.000	0.061
-40.200	-3.000	0.068
-40.100	-3.000	0.071
-40.000	-3.000	0.073
-39.900	-3.000	0.075
-39.800	-3.000	0.076
-39.700	-3.000	0.076
-41.200	-3.100	0.038
-41.100	-3.100	0.040
-41.000	-3.100	0.042
-40.900	-3.100	0.045
-40.800	-3.100	0.047
-40.700	-3.100	0.053
-40.600	-3.100	0.056
-40.500	-3.100	0.060
-40.400	-3.100	0.063
-40.300	-3.100	0.072
-40.200	-3.100	0.076
-40.100	-3.100	0.079
-40.000	-3.100	0.082
-39.900	-3.100	0.084
-39.800	-3.100	0.085
-39.700	-3.100	0.085
-39.600	-3.100	0.084
-41.300	-3.200	0.037
-41.200	-3.200	0.039
-41.100	-3.200	0.042
-41.000	-3.200	0.044
-40.900	-3.200	0.047
-40.800	-3.200	0.053
-40.700	-3.200	0.056
-40.600	-3.200	0.060
-40.500	-3.200	0.069
-40.400	-3.200	0.074
-40.300	-3.200	0.080
-40.200	-3.200	0.085
-40.100	-3.200	0.094
-40.000	-3.200	0.100
-39.900	-3.200	0.102
-39.800	-3.200	0.104
-39.700	-3.200	0.103
-39.600	-3.200	0.102
-39.500	-3.200	0.098
-39.400	-3.200	0.095
-41.300	-3.300	0.038
-41.200	-3.300	0.040
-41.100	-3.300	0.043
-41.000	-3.300	0.046
-40.900	-3.300	0.051
-40.800	-3.300	0.055
-40.700	-3.300	0.060
-40.600	-3.300	0.069
-40.500	-3.300	0.075
-40.400	-3.300	0.082
-40.300	-3.300	0.088
-40.200	-3.300	0.101
-40.100	-3.300	0.106
-40.000	-3.300	0.113
-39.900	-3.300	0.114
-39.800	-3.300	0.117
-39.700	-3.300	0.115
-39.600	-3.300	0.115
-39.500	-3.300	0.110
-39.400	-3.300	0.106
-39.300	-3.300	0.100
-39.200	-3.300	0.091
-41.300	-3.400	0.039
-41.200	-3.400	0.042
-41.100	-3.400	0.044
-41.000	-3.400	0.047
-40.900	-3.400	0.054
-40.800	-3.400	0.058
-40.700	-3.400	0.063
-40.600	-3.400	0.074
-40.500	-3.400	0.081
-40.400	-3.400	0.096
-40.300	-3.400	0.104
-40.200	-3.400	0.115
-40.100	-3.400	0.120
-40.000	-3.400	0.140
-39.900	-3.400	0.130
-39.800	-3.400	0.147
-39.700	-3.400	0.131
-39.600	-3.400	0.142
-39.500	-3.400	0.124
-39.400	-3.400	0.120
-39.300	-3.400	0.112
-39.200	-3.400	0.107
-39.100	-3.400	0.100
-41.300	-3.500	0.040
-41.200	-3.500	0.043
-41.100	-3.500	0.046
-41.000	-3.500	0.052
-40.900	-3.500	0.056
-40.800	-3.500	0.061
-40.700	-3.500	0.071
-40.600	-3.500	0.079
-40.500	-3.500	0.087
-40.400	-3.500	0.104
-40.300	-3.500	0.114
-40.200	-3.500	0.125
-40.100	-3.500	0.131
-40.000	-3.500	0.151
-39.900	-3.500	0.152
-39.800	-3.500	0.158
-39.700	-3.500	0.153
-39.600	-3.500	0.153
-39.500	-3.500	0.135
-39.400	-3.500	0.130
-39.300	-3.500	0.122
-39.200	-3.500	0.117
-39.100	-3.500	0.110
-39.000	-3.500	0.106
-41.300	-3.600	0.041
-41.200	-3.600	0.044
-41.100	-3.600	0.047
-41.000	-3.600	0.053
-40.900	-3.600	0.058
-40.800	-3.600	0.067
-40.700	-3.600	0.075
-40.600	-3.600	0.084
-40.500	-3.600	0.101
-40.400	-3.600	0.115
-40.300	-3.600	0.125
-40.200	-3.600	0.153
-40.100	-3.600	0.157
-40.000	-3.600	0.175
-39.900	-3.600	0.171
-39.800	-3.600	0.183
-39.700	-3.600	0.172
-39.600	-3.600	0.177
-39.500	-3.600	0.161
-39.400	-3.600	0.159
-39.300	-3.600	0.143
-39.200	-3.600	0.138
-39.100	-3.600	0.120
-39.000	-3.600	0.117
-38.900	-3.600	0.112
-38.800	-3.600	0.112
-41.200	-3.700	0.044
-41.100	-3.700	0.050
-41.000	-3.700	0.055
-40.900	-3.700	0.060
-40.800	-3.700	0.070
-40.700	-3.700	0.079
-40.600	-3.700	0.094
-40.500	-3.700	0.106
-40.400	-3.700	0.120
-40.300	-3.700	0.131
-40.200	-3.700	0.157
-40.100	-3.700	0.165
-40.000	-3.700	0.178
-39.900	-3.700	0.179
-39.800	-3.700	0.186
-39.700	-3.700	0.180
-39.600	-3.700	0.181
-39.500	-3.700	0.169
-39.400	-3.700	0.165
-39.300	-3.700	0.152
-39.200	-3.700	0.145
-39.100	-3.700	0.129
-39.000	-3.700	0.125
-38.900	-3.700	0.122
-38.800	-3.700	0.122
-38.700	-3.700	0.121
-38.600	-3.700	0.122
-41.200	-3.800	0.045
-41.100	-3.800	0.051
-41.000	-3.800	0.056
-40.900	-3.800	0.061
-40.800	-3.800	0.072
-40.700	-3.800	0.081
-40.600	-3.800	0.099
-40.500	-3.800	0.112
-40.400	-3.800	0.139
-40.300	-3.800	0.151
-40.200	-3.800	0.175
-40.100	-3.800	0.178
-40.000	-3.800	0.216
-39.900	-3.800	0.194
-39.800	-3.800	0.228
-39.700	-3.800	0.195
-39.600	-3.800	0.219
-39.500	-3.800	0.183
-39.400	-3.800	0.183
-39.300	-3.800	0.165
-39.200	-3.800	0.162
-39.100	-3.800	0.148
-39.000	-3.800	0.148
-38.900	-3.800	0.133
-38.800	-3.800	0.146
-38.700	-3.800	0.134
-38.600	-3.800	0.150
-38.500	-3.800	0.145
-41.200	-3.900	0.045
-41.100	-3.900	0.052
-41.000	-3.900	0.056
-40.900	-3.900	0.062
-40.800	-3.900	0.074
-40.700	-3.900	0.083
-40.600	-3.900	0.101
-40.500	-3.900	0.114
-40.400	-3.900	0.129
-40.300	-3.900	0.152
-40.200	-3.900	0.171
-40.100	-3.900	0.178
-40.000	-3.900	0.193
-39.900	-3.900	0.194
-39.800	-3.900	0.202
-39.700	-3.900	0.195
-39.600	-3.900	0.197
-39.500	-3.900	0.184
-39.400	-3.900	0.181
-39.300	-3.900	0.167
-39.200	-3.900	0.163
-39.100	-3.900	0.153
-39.000	-3.900	0.153
-38.900	-3.900	0.149
-38.800	-3.900	0.154
-38.700	-3.900	0.153
-38.600	-3.900	0.159
-38.500	-3.900	0.157
-38.400	-3.900	0.161
-41.200	-4.000	0.046
-41.100	-4.000	0.052
-41.000	-4.000	0.057
-40.900	-4.000	0.062
-40.800	-4.000	0.074
-40.700	-4.000	0.084
-40.600	-4.000	0.103
-40.500	-4.000	0.116
-40.400	-4.000	0.146
-40.300	-4.000	0.157
-40.200	-4.000	0.183
-40.100	-4.000	0.186
-40.000	-4.000	0.227
-39.900	-4.000	0.202
-39.800	-4.000	0.240
-39.700	-4.000	0.204
-39.600	-4.000	0.231
-39.500	-4.000	0.193
-39.400	-4.000	0.209
-39.300	-4.000	0.176
-39.200	-4.000	0.176
-39.100	-4.000	0.163
-39.000	-4.000	0.168
-38.900	-4.000	0.162
-38.800	-4.000	0.173
-38.700	-4.000	0.169
-38.600	-4.000	0.182
-38.500	-4.000	0.176
-38.400	-4.000	0.186
-38.300	-4.000	0.173
-41.100	-4.100	0.052
-41.000	-4.100	0.056
-40.900	-4.100	0.062
-40.800	-4.100	0.074
-40.700	-4.100	0.083
-40.600	-4.100	0.101
-40.500	-4.100	0.114
-40.400	-4.100	0.129
-40.300	-4.100	0.152
-40.200	-4.100	0.171
-40.100	-4.100	0.179
-40.000	-4.100	0.194
-39.900	-4.100	0.194
-39.800	-4.100	0.203
-39.700	-4.100	0.196
-39.600	-4.100	0.198
-39.500	-4.100	0.186
-39.400	-4.100	0.184
-39.300	-4.100	0.172
-39.200	-4.100	0.170
-39.100	-4.100	0.163
-39.000	-4.100	0.166
-38.900	-4.100	0.166
-38.800	-4.100	0.174
-38.700	-4.100	0.175
-38.600	-4.100	0.185
-38.500	-4.100	0.183
-38.400	-4.100	0.188
-38.300	-4.100	0.180
-38.200	-4.100	0.179
-41.100	-4.200	0.051
-41.000	-4.200	0.056
-40.900	-4.200	0.061
-40.800	-4.200	0.073
-40.700	-4.200	0.082
-40.600	-4.200	0.100
-40.500	-4.200	0.112
-40.400	-4.200	0.140
-40.300	-4.200	0.151
-40.200	-4.200	0.175
-40.100	-4.200	0.178
-40.000	-4.200	0.217
-39.900	-4.200	0.194
-39.800	-4.200	0.229
-39.700	-4.200	0.197
-39.600	-4.200	0.222
-39.500	-4.200	0.187
-39.400	-4.200	0.204
-39.300	-4.200	0.175
-39.200	-4.200	0.178
-39.100	-4.200	0.168
-39.000	-4.200	0.178
-38.900	-4.200	0.175
-38.800	-4.200	0.204
-38.700	-4.200	0.188
-38.600	-4.200	0.222
-38.500	-4.200	0.197
-38.400	-4.200	0.229
-38.300	-4.200	0.195
-38.200	-4.200	0.217
-38.100	-4.200	0.179
-41.100	-4.300	0.051
-41.000	-4.300	0.055
-40.900	-4.300	0.060
-40.800	-4.300	0.070
-40.700	-4.300	0.079
-40.600	-4.300	0.094
-40.500	-4.300	0.106
-40.400	-4.300	0.120
-40.300	-4.300	0.131
-40.200	-4.300	0.157
-40.100	-4.300	0.165
-40.000	-4.300	0.179
-39.900	-4.300	0.180
-39.800	-4.300	0.188
-39.700	-4.300	0.182
-39.600	-4.300	0.184
-39.500	-4.300	0.175
-39.400	-4.300	0.174
-39.300	-4.300	0.166
-39.200	-4.300	0.166
-39.100	-4.300	0.163
-39.000	-4.300	0.170
-38.900	-4.300	0.172
-38.800	-4.300	0.184
-38.700	-4.300	0.187
-38.600	-4.300	0.198
-38.500	-4.300	0.196
-38.400	-4.300	0.203
-38.300	-4.300	0.195
-38.200	-4.300	0.194
-38.100	-4.300	0.180
-38.000	-4.300	0.172
-41.100	-4.400	0.047
-41.000	-4.400	0.054
-40.900	-4.400	0.059
-40.800	-4.400	0.068
-40.700	-4.400	0.076
-40.600	-4.400	0.085
-40.500	-4.400	0.101
-40.400	-4.400	0.115
-40.300	-4.400	0.125
-40.200	-4.400	0.153
-40.100	-4.400	0.158
-40.000	-4.400	0.176
-39.900	-4.400	0.172
-39.800	-4.400	0.185
-39.700	-4.400	0.175
-39.600	-4.400	0.182
-39.500	-4.400	0.169
-39.400	-4.400	0.173
-39.300	-4.400	0.162
-39.200	-4.400	0.168
-39.100	-4.400	0.163
-39.000	-4.400	0.176
-38.900	-4.400	0.176
-38.800	-4.400	0.209
-38.700	-4.400	0.193
-38.600	-4.400	0.232
-38.500	-4.400	0.204
-38.400	-4.400	0.240
-38.300	-4.400	0.203
-38.200	-4.400	0.228
-38.100	-4.400	0.187
-38.000	-4.400	0.184
-37.900	-4.400	0.159
-37.800	-4.400	0.149
-41.100	-4.500	0.046
-41.000	-4.500	0.052
-40.900	-4.500	0.057
-40.800	-4.500	0.062
-40.700	-4.500	0.072
-40.600	-4.500	0.080
-40.500	-4.500	0.088
-40.400	-4.500	0.105
-40.300	-4.500	0.114
-40.200	-4.500	0.126
-40.100	-4.500	0.132
-40.000	-4.500	0.152
-39.900	-4.500	0.154
-39.800	-4.500	0.161
-39.700	-4.500	0.157
-39.600	-4.500	0.159
-39.500	-4.500	0.153
-39.400	-4.500	0.154
-39.300	-4.500	0.150
-39.200	-4.500	0.153
-39.100	-4.500	0.154
-39.000	-4.500	0.163
-38.900	-4.500	0.168
-38.800	-4.500	0.181
-38.700	-4.500	0.185
-38.600	-4.500	0.197
-38.500	-4.500	0.196
-38.400	-4.500	0.203
-38.300	-4.500	0.195
-38.200	-4.500	0.195
-38.100	-4.500	0.180
-38.000	-4.500	0.173
-37.900	-4.500	0.154
-37.800	-4.500	0.133
-41.200	-4.600	0.042
-41.100	-4.600	0.045
-41.000	-4.600	0.051
-40.900	-4.600	0.055
-40.800	-4.600	0.059
-40.700	-4.600	0.064
-40.600	-4.600	0.075
-40.500	-4.600	0.082
-40.400	-4.600	0.097
-40.300	-4.600	0.105
-40.200	-4.600	0.116
-40.100	-4.600	0.122
-40.000	-4.600	0.142
-39.900	-4.600	0.141
-39.800	-4.600	0.150
-39.700	-4.600	0.145
-39.600	-4.600	0.150
-39.500	-4.600	0.134
-39.400	-4.600	0.146
-39.300	-4.600	0.133
-39.200	-4.600	0.148
-39.100	-4.600	0.149
-39.000	-4.600	0.162
-38.900	-4.600	0.165
-38.800	-4.600	0.184
-38.700	-4.600	0.184
-38.600	-4.600	0.220
-38.500	-4.600	0.196
-38.400	-4.600	0.229
-38.300	-4.600	0.195
-38.200	-4.600	0.217
-38.100	-4.600	0.180
-38.000	-4.600	0.177
-37.900	-4.600	0.154
-37.800	-4.600	0.144
-37.700	-4.600	0.119
-41.200	-4.700	0.041
-41.100	-4.700	0.044
-41.000	-4.700	0.047
-40.900	-4.700	0.053
-40.800	-4.700	0.057
-40.700	-4.700	0.061
-40.600	-4.700	0.070
-40.500	-4.700	0.076
-40.400	-4.700	0.083
-40.300	-4.700	0.089
-40.200	-4.700	0.103
-40.100	-4.700	0.108
-40.000	-4.700	0.115
-39.900	-4.700	0.117
-39.800	-4.700	0.121
-39.700	-4.700	0.121
-39.600	-4.700	0.122
-39.500	-4.700	0.121
-39.400	-4.700	0.122
-39.300	-4.700	0.122
-39.200	-4.700	0.126
-39.100	-4.700	0.130
-39.000	-4.700	0.146
-38.900	-4.700	0.153
-38.800	-4.700	0.166
-38.700	-4.700	0.171
-38.600	-4.700	0.182
-38.500	-4.700	0.182
-38.400	-4.700	0.188
-38.300	-4.700	0.181
-38.200	-4.700	0.181
-38.100	-4.700	0.168
-38.000	-4.700	0.161
-37.900	-4.700	0.137
-37.800	-4.700	0.127
-37.700	-4.700	0.115
-37.600	-4.700	0.106
-37.500	-4.700	0.093
-37.400	-4.700	0.087
-41.200	-4.800	0.040
-41.100	-4.800	0.043
-41.000	-4.800	0.045
-40.900	-4.800	0.048
-40.800	-4.800	0.054
-40.700	-4.800	0.058
-40.600	-4.800	0.062
-40.500	-4.800	0.070
-40.400	-4.800	0.076
-40.300	-4.800	0.082
-40.200	-4.800	0.087
-40.100	-4.800	0.097
-40.000	-4.800	0.103
-39.900	-4.800	0.105
-39.800	-4.800	0.109
-39.700	-4.800	0.109
-39.600	-4.800	0.111
-39.500	-4.800	0.111
-39.400	-4.800	0.113
-39.300	-4.800	0.114
-39.200	-4.800	0.119
-39.100	-4.800	0.122
-39.000	-4.800	0.140
-38.900	-4.800	0.145
-38.800	-4.800	0.161
-38.700	-4.800	0.163
-38.600	-4.800	0.179
-38.500	-4.800	0.175
-38.400	-4.800	0.186
-38.300	-4.800	0.174
-38.200	-4.800	0.178
-38.100	-4.800	0.162
-38.000	-4.800	0.159
-37.900	-4.800	0.133
-37.800	-4.800	0.125
-37.700	-4.800	0.113
-37.600	-4.800	0.105
-37.500	-4.800	0.093
-37.400	-4.800	0.088
-37.300	-4.800	0.084
-41.200	-4.900	0.039
-41.100	-4.900	0.041
-41.000	-4.900	0.044
-40.900	-4.900	0.046
-40.800	-4.900	0.051
-40.700	-4.900	0.055
-40.600	-4.900	0.058
-40.500	-4.900	0.062
-40.400	-4.900	0.066
-40.300	-4.900	0.074
-40.200	-4.900	0.079
-40.100	-4.900	0.082
-40.000	-4.900	0.086
-39.900	-4.900	0.089
-39.800	-4.900	0.091
-39.700	-4.900	0.092
-39.600	-4.900	0.093
-39.500	-4.900	0.094
-39.400	-4.900	0.096
-39.300	-4.900	0.098
-39.200	-4.900	0.108
-39.100	-4.900	0.112
-39.000	-4.900	0.119
-38.900	-4.900	0.125
-38.800	-4.900	0.134
-38.700	-4.900	0.138
-38.600	-4.900	0.157
-38.500	-4.900	0.157
-38.400	-4.900	0.162
-38.300	-4.900	0.158
-38.200	-4.900	0.157
-38.100	-4.900	0.139
-38.000	-4.900	0.134
-37.900	-4.900	0.126
-37.800	-4.900	0.119
-37.700	-4.900	0.110
-37.600	-4.900	0.099
-37.500	-4.900	0.094
-37.400	-4.900	0.089
-37.300	-4.900	0.086
-41.100	-5.000	0.040
-41.000	-5.000	0.042
-40.900	-5.000	0.044
-40.800	-5.000	0.047
-40.700	-5.000	0.052
-40.600	-5.000	0.055
-40.500	-5.000	0.058
-40.400	-5.000	0.061
-40.300	-5.000	0.064
-40.200	-5.000	0.072
-40.100	-5.000	0.075
-40.000	-5.000	0.078
-39.900	-5.000	0.080
-39.800	-5.000	0.083
-39.700	-5.000	0.084
-39.600	-5.000	0.086
-39.500	-5.000	0.087
-39.400	-5.000	0.089
-39.300	-5.000	0.091
-39.200	-5.000	0.095
-39.100	-5.000	0.104
-39.000	-5.000	0.111
-38.900	-5.000	0.117
-38.800	-5.000	0.125
-38.700	-5.000	0.129
-38.600	-5.000	0.147
-38.500	-5.000	0.146
-38.400	-5.000	0.154
-38.300	-5.000	0.148
-38.200	-5.000	0.150
-38.100	-5.000	0.132
-38.000	-5.000	0.129
-37.900	-5.000	0.122
-37.800	-5.000	0.117
-37.700	-5.000	0.110
-37.600	-5.000	0.100
-37.500	-5.000	0.096
-37.400	-5.000	0.092
-37.300	-5.000	0.089
-37.200	-5.000	0.087
-37.100	-5.000	0.085
-37.000	-5.000	0.084
-36.900	-5.000	0.083
-41.000	-5.100	0.041
-40.900	-5.100	0.043
-40.800	-5.100	0.045
-40.700	-5.100	0.047
-40.600	-5.100	0.052
-40.500	-5.100	0.055
-40.400	-5.100	0.057
-40.300	-5.100	0.060
-40.200	-5.100	0.063
-40.100	-5.100	0.065
-40.000	-5.100	0.067
-39.900	-5.100	0.069
-39.800	-5.100	0.075
-39.700	-5.100	0.077
-39.600	-5.100	0.079
-39.500	-5.100	0.081
-39.400	-5.100	0.083
-39.300	-5.100	0.085
-39.200	-5.100	0.088
-39.100	-5.100	0.092
-39.000	-5.100	0.096
-38.900	-5.100	0.107
-38.800	-5.100	0.113
-38.700	-5.100	0.117
-38.600	-5.100	0.123
-38.500	-5.100	0.125
-38.400	-5.100	0.128
-38.300	-5.100	0.127
-38.200	-5.100	0.128
-38.100	-5.100	0.125
-38.000	-5.100	0.123
-37.900	-5.100	0.118
-37.800	-5.100	0.115
-37.700	-5.100	0.105
-37.600	-5.100	0.102
-37.500	-5.100	0.099
-37.400	-5.100	0.096
-37.300	-5.100	0.093
-37.200	-5.100	0.091
-37.100	-5.100	0.089
-37.000	-5.100	0.088
-36.900	-5.100	0.088
-36.800	-5.100	0.089
-36.700	-5.100	0.091
-36.600	-5.100	0.094
-36.500	-5.100	0.104
-36.400	-5.100	0.112
-36.300	-5.100	0.119
-36.200	-5.100	0.128
-36.100	-5.100	0.133
-36.000	-5.100	0.152
-35.900	-5.100	0.152
-35.800	-5.100	0.157
-40.900	-5.200	0.041
-40.800	-5.200	0.043
-40.700	-5.200	0.045
-40.600	-5.200	0.047
-40.500	-5.200	0.049
-40.400	-5.200	0.054
-40.300	-5.200	0.056
-40.200	-5.200	0.059
-40.100	-5.200	0.061
-40.000	-5.200	0.063
-39.900	-5.200	0.065
-39.800	-5.200	0.067
-39.700	-5.200	0.068
-39.600	-5.200	0.070
-39.500	-5.200	0.072
-39.400	-5.200	0.073
-39.300	-5.200	0.080
-39.200	-5.200	0.083
-39.100	-5.200	0.087
-39.000	-5.200	0.091
-38.900	-5.200	0.095
-38.800	-5.200	0.105
-38.700	-5.200	0.109
-38.600	-5.200	0.115
-38.500	-5.200	0.117
-38.400	-5.200	0.121
-38.300	-5.200	0.121
-38.200	-5.200	0.123
-38.100	-5.200	0.122
-38.000	-5.200	0.122
-37.900	-5.200	0.119
-37.800	-5.200	0.118
-37.700	-5.200	0.115
-37.600	-5.200	0.113
-37.500	-5.200	0.104
-37.400	-5.200	0.102
-37.300	-5.200	0.099
-37.200	-5.200	0.097
-37.100	-5.200	0.095
-37.000	-5.200	0.094
-36.900	-5.200	0.093
-36.800	-5.200	0.094
-36.700	-5.200	0.096
-36.600	-5.200	0.106
-36.500	-5.200	0.112
-36.400	-5.200	0.123
-36.300	-5.200	0.130
-36.200	-5.200	0.155
-36.100	-5.200	0.159
-36.000	-5.200	0.175
-35.900	-5.200	0.171
-35.800	-5.200	0.183
-35.700	-5.200	0.171
-35.600	-5.200	0.174
-35.500	-5.200	0.157
-40.900	-5.300	0.040
-40.800	-5.300	0.041
-40.700	-5.300	0.043
-40.600	-5.300	0.045
-40.500	-5.300	0.047
-40.400	-5.300	0.049
-40.300	-5.300	0.051
-40.200	-5.300	0.055
-40.100	-5.300	0.057
-40.000	-5.300	0.059
-39.900	-5.300	0.061
-39.800	-5.300	0.063
-39.700	-5.300	0.065
-39.600	-5.300	0.066
-39.500	-5.300	0.068
-39.400	-5.300	0.070
-39.300	-5.300	0.072
-39.200	-5.300	0.075
-39.100	-5.300	0.082
-39.000	-5.300	0.086
-38.900	-5.300	0.089
-38.800	-5.300	0.094
-38.700	-5.300	0.097
-38.600	-5.300	0.101
-38.500	-5.300	0.110
-38.400	-5.300	0.114
-38.300	-5.300	0.116
-38.200	-5.300	0.119
-38.100	-5.300	0.120
-38.000	-5.300	0.122
-37.900	-5.300	0.122
-37.800	-5.300	0.123
-37.700	-5.300	0.121
-37.600	-5.300	0.121
-37.500	-5.300	0.118
-37.400	-5.300	0.116
-37.300	-5.300	0.106
-37.200	-5.300	0.104
-37.100	-5.300	0.101
-37.000	-5.300	0.100
-36.900	-5.300	0.099
-36.800	-5.300	0.099
-36.700	-5.300	0.101
-36.600	-5.300	0.112
-36.500	-5.300	0.118
-36.400	-5.300	0.128
-36.300	-5.300	0.136
-36.200	-5.300	0.160
-36.100	-5.300	0.166
-36.000	-5.300	0.179
-35.900	-5.300	0.179
-35.800	-5.300	0.185
-35.700	-5.300	0.178
-35.600	-5.300	0.178
-35.500	-5.300	0.164
-35.400	-5.300	0.157
-40.900	-5.400	0.038
-40.800	-5.400	0.040
-40.700	-5.400	0.041
-40.600	-5.400	0.043
-40.500	-5.400	0.045
-40.400	-5.400	0.047
-40.300	-5.400	0.048
-40.200	-5.400	0.050
-40.100	-5.400	0.052
-40.000	-5.400	0.056
-39.900	-5.400	0.058
-39.800	-5.400	0.060
-39.700	-5.400	0.062
-39.600	-5.400	0.063
-39.500	-5.400	0.065
-39.400	-5.400	0.067
-39.300	-5.400	0.070
-39.200	-5.400	0.072
-39.100	-5.400	0.075
-39.000	-5.400	0.082
-38.900	-5.400	0.086
-38.800	-5.400	0.090
-38.700	-5.400	0.094
-38.600	-5.400	0.098
-38.500	-5.400	0.102
-38.400	-5.400	0.112
-38.300	-5.400	0.116
-38.200	-5.400	0.121
-38.100	-5.400	0.124
-38.000	-5.400	0.129
-37.900	-5.400	0.131
-37.800	-5.400	0.134
-37.700	-5.400	0.133
-37.600	-5.400	0.134
-37.500	-5.400	0.131
-37.400	-5.400	0.129
-37.300	-5.400	0.124
-37.200	-5.400	0.121
-37.100	-5.400	0.116
-37.000	-5.400	0.113
-36.900	-5.400	0.111
-36.800	-5.400	0.111
-36.700	-5.400	0.113
-36.600	-5.400	0.119
-36.500	-5.400	0.126
-36.400	-5.400	0.148
-36.300	-5.400	0.156
-36.200	-5.400	0.178
-36.100	-5.400	0.180
-36.000	-5.400	0.217
-35.900	-5.400	0.194
-35.800	-5.400	0.227
-35.700	-5.400	0.193
-35.600	-5.400	0.216
-35.500	-5.400	0.178
-35.400	-5.400	0.174
-40.900	-5.500	0.035
-40.800	-5.500	0.038
-40.700	-5.500	0.040
-40.600	-5.500	0.041
-40.500	-5.500	0.043
-40.400	-5.500	0.045
-40.300	-5.500	0.046
-40.200	-5.500	0.048
-40.100	-5.500	0.050
-40.000	-5.500	0.051
-39.900	-5.500	0.053
-39.800	-5.500	0.057
-39.700	-5.500	0.059
-39.600	-5.500	0.061
-39.500	-5.500	0.063
-39.400	-5.500	0.065
-39.300	-5.500	0.068
-39.200	-5.500	0.070
-39.100	-5.500	0.073
-39.000	-5.500	0.076
-38.900	-5.500	0.083
-38.800	-5.500	0.087
-38.700	-5.500	0.092
-38.600	-5.500	0.096
-38.500	-5.500	0.101
-38.400	-5.500	0.112
-38.300	-5.500	0.118
-38.200	-5.500	0.125
-38.100	-5.500	0.131
-38.000	-5.500	0.138
-37.900	-5.500	0.141
-37.800	-5.500	0.155
-37.700	-5.500	0.147
-37.600	-5.500	0.158
-37.500	-5.500	0.145
-37.400	-5.500	0.153
-37.300	-5.500	0.138
-37.200	-5.500	0.134
-37.100	-5.500	0.127
-37.000	-5.500	0.123
-36.900	-5.500	0.119
-36.800	-5.500	0.118
-36.700	-5.500	0.118
-36.600	-5.500	0.123
-36.500	-5.500	0.129
-36.400	-5.500	0.148
-36.300	-5.500	0.158
-36.200	-5.500	0.174
-36.100	-5.500	0.181
-36.000	-5.500	0.194
-35.900	-5.500	0.194
-35.800	-5.500	0.201
-35.700	-5.500	0.193
-35.600	-5.500	0.193
-35.500	-5.500	0.178
-35.400	-5.500	0.170
-35.300	-5.500	0.151
-40.900	-5.600	0.034
-40.800	-5.600	0.035
-40.700	-5.600	0.038
-40.600	-5.600	0.040
-40.500	-5.600	0.041
-40.400	-5.600	0.043
-40.300	-5.600	0.045
-40.200	-5.600	0.046
-40.100	-5.600	0.048
-40.000	-5.600	0.049
-39.900	-5.600	0.051
-39.800	-5.600	0.053
-39.700	-5.600	0.054
-39.600	-5.600	0.059
-39.500	-5.600	0.061
-39.400	-5.600	0.063
-39.300	-5.600	0.066
-39.200	-5.600	0.068
-39.100	-5.600	0.071
-39.000	-5.600	0.074
-38.900	-5.600	0.078
-38.800	-5.600	0.086
-38.700	-5.600	0.091
-38.600	-5.600	0.097
-38.500	-5.600	0.103
-38.400	-5.600	0.117
-38.300	-5.600	0.125
-38.200	-5.600	0.135
-38.100	-5.600	0.142
-38.000	-5.600	0.166
-37.900	-5.600	0.170
-37.800	-5.600	0.183
-37.700	-5.600	0.180
-37.600	-5.600	0.189
-37.500	-5.600	0.179
-37.400	-5.600	0.182
-37.300	-5.600	0.168
-37.200	-5.600	0.165
-37.100	-5.600	0.142
-37.000	-5.600	0.136
-36.900	-5.600	0.129
-36.800	-5.600	0.127
-36.700	-5.600	0.125
-36.600	-5.600	0.130
-36.500	-5.600	0.134
-36.400	-5.600	0.158
-36.300	-5.600	0.165
-36.200	-5.600	0.187
-36.100	-5.600	0.188
-36.000	-5.600	0.228
-35.900	-5.600	0.202
-35.800	-5.600	0.238
-35.700	-5.600	0.201
-35.600	-5.600	0.227
-35.500	-5.600	0.186
-35.400	-5.600	0.182
-35.300	-5.600	0.157
-40.900	-5.700	0.033
-40.800	-5.700	0.034
-40.700	-5.700	0.035
-40.600	-5.700	0.038
-40.500	-5.700	0.040
-40.400	-5.700	0.041
-40.300	-5.700	0.043
-40.200	-5.700	0.044
-40.100	-5.700	0.046
-40.000	-5.700	0.048
-39.900	-5.700	0.049
-39.800	-5.700	0.051
-39.700	-5.700	0.053
-39.600	-5.700	0.055
-39.500	-5.700	0.059
-39.400	-5.700	0.062
-39.300	-5.700	0.064
-39.200	-5.700	0.067
-39.100	-5.700	0.070
-39.000	-5.700	0.074
-38.900	-5.700	0.077
-38.800	-5.700	0.086
-38.700	-5.700	0.092
-38.600	-5.700	0.098
-38.500	-5.700	0.111
-38.400	-5.700	0.122
-38.300	-5.700	0.132
-38.200	-5.700	0.154
-38.100	-5.700	0.165
-38.000	-5.700	0.180
-37.900	-5.700	0.187
-37.800	-5.700	0.199
-37.700	-5.700	0.200
-37.600	-5.700	0.206
-37.500	-5.700	0.199
-37.400	-5.700	0.199
-37.300	-5.700	0.187
-37.200	-5.700	0.180
-37.100	-5.700	0.166
-37.000	-5.700	0.157
-36.900	-5.700	0.138
-36.800	-5.700	0.134
-36.700	-5.700	0.130
-36.600	-5.700	0.132
-36.500	-5.700	0.135
-36.400	-5.700	0.153
-36.300	-5.700	0.161
-36.200	-5.700	0.176
-36.100	-5.700	0.181
-36.000	-5.700	0.195
-35.900	-5.700	0.194
-35.800	-5.700	0.201
-35.700	-5.700	0.193
-35.600	-5.700	0.193
-35.500	-5.700	0.178
-35.400	-5.700	0.170
-35.300	-5.700	0.152
-35.200	-5.700	0.129
-40.900	-5.800	0.032
-40.800	-5.800	0.033
-40.700	-5.800	0.034
-40.600	-5.800	0.035
-40.500	-5.800	0.038
-40.400	-5.800	0.040
-40.300	-5.800	0.041
-40.200	-5.800	0.043
-40.100	-5.800	0.045
-40.000	-5.800	0.046
-39.900	-5.800	0.048
-39.800	-5.800	0.050
-39.700	-5.800	0.052
-39.600	-5.800	0.054
-39.500	-5.800	0.056
-39.400	-5.800	0.061
-39.300	-5.800	0.063
-39.200	-5.800	0.066
-39.100	-5.800	0.070
-39.000	-5.800	0.073
-38.900	-5.800	0.077
-38.800	-5.800	0.087
-38.700	-5.800	0.094
-38.600	-5.800	0.101
-38.500	-5.800	0.118
-38.400	-5.800	0.131
-38.300	-5.800	0.153
-38.200	-5.800	0.176
-38.100	-5.800	0.186
-38.000	-5.800	0.227
-37.900	-5.800	0.213
-37.800	-5.800	0.258
-37.700	-5.800	0.245
-37.600	-5.800	0.269
-37.500	-5.800	0.245
-37.400	-5.800	0.258
-37.300	-5.800	0.214
-37.200	-5.800	0.228
-37.100	-5.800	0.188
-37.000	-5.800	0.180
-36.900	-5.800	0.161
-36.800	-5.800	0.154
-36.700	-5.800	0.137
-36.600	-5.800	0.145
-36.500	-5.800	0.137
-36.400	-5.800	0.157
-36.300	-5.800	0.162
-36.200	-5.800	0.181
-36.100	-5.800	0.182
-36.000	-5.800	0.218
-35.900	-5.800	0.195
-35.800	-5.800	0.227
-35.700	-5.800	0.194
-35.600	-5.800	0.216
-35.500	-5.800	0.178
-35.400	-5.800	0.175
-35.300	-5.800	0.151
-35.200	-5.800	0.140
-40.800	-5.900	0.032
-40.700	-5.900	0.033
-40.600	-5.900	0.034
-40.500	-5.900	0.035
-40.400	-5.900	0.037
-40.300	-5.900	0.040
-40.200	-5.900	0.042
-40.100	-5.900	0.043
-40.000	-5.900	0.045
-39.900	-5.900	0.047
-39.800	-5.900	0.048
-39.700	-5.900	0.050
-39.600	-5.900	0.053
-39.500	-5.900	0.055
-39.400	-5.900	0.060
-39.300	-5.900	0.063
-39.200	-5.900	0.066
-39.100	-5.900	0.069
-39.000	-5.900	0.073
-38.900	-5.900	0.078
-38.800	-5.900	0.088
-38.700	-5.900	0.096
-38.600	-5.900	0.111
-38.500	-5.900	0.123
-38.400	-5.900	0.138
-38.300	-5.900	0.163
-38.200	-5.900	0.185
-38.100	-5.900	0.200
-38.000	-5.900	0.235
-37.900	-5.900	0.244
-37.800	-5.900	0.265
-37.700	-5.900	0.263
-37.600	-5.900	0.276
-37.500	-5.900	0.263
-37.400	-5.900	0.265
-37.300	-5.900	0.244
-37.200	-5.900	0.236
-37.100	-5.900	0.202
-37.000	-5.900	0.189
-36.900	-5.900	0.170
-36.800	-5.900	0.159
-36.700	-5.900	0.140
-36.600	-5.900	0.137
-36.500	-5.900	0.136
-36.400	-5.900	0.149
-36.300	-5.900	0.154
-36.200	-5.900	0.165
-36.100	-5.900	0.170
-36.000	-5.900	0.181
-35.900	-5.900	0.180
-35.800	-5.900	0.186
-35.700	-5.900	0.179
-35.600	-5.900	0.178
-35.500	-5.900	0.165
-35.400	-5.900	0.157
-35.300	-5.900	0.131
-35.200	-5.900	0.120
-40.800	-6.000	0.031
-40.700	-6.000	0.032
-40.600	-6.000	0.033
-40.500	-6.000	0.034
-40.400	-6.000	0.036
-40.300	-6.000	0.037
-40.200	-6.000	0.040
-40.100	-6.000	0.042
-40.000	-6.000	0.044
-39.900	-6.000	0.045
-39.800	-6.000	0.047
-39.700	-6.000	0.049
-39.600	-6.000	0.052
-39.500	-6.000	0.054
-39.400	-6.000	0.056
-39.300	-6.000	0.062
-39.200	-6.000	0.065
-39.100	-6.000	0.069
-39.000	-6.000	0.073
-38.900	-6.000	0.082
-38.800	-6.000	0.090
-38.700	-6.000	0.098
-38.600	-6.000	0.116
-38.500	-6.000	0.131
-38.400	-6.000	0.162
-38.300	-6.000	0.179
-38.200	-6.000	0.226
-38.100	-6.000	0.236
-38.000	-6.000	0.281
-37.900	-6.000	0.276
-37.800	-6.000	0.318
-37.700	-6.000	0.298
-37.600	-6.000	0.355
-37.500	-6.000	0.298
-37.400	-6.000	0.318
-37.300	-6.000	0.277
-37.200	-6.000	0.282
-37.100	-6.000	0.238
-37.000	-6.000	0.230
-36.900	-6.000	0.185
-36.800	-6.000	0.174
-36.700	-6.000	0.155
-36.600	-6.000	0.150
-36.500	-6.000	0.136
-36.400	-6.000	0.149
-36.300	-6.000	0.150
-36.200	-6.000	0.163
-36.100	-6.000	0.164
-36.000	-6.000	0.178
-35.900	-6.000	0.173
-35.800	-6.000	0.184
-35.700	-6.000	0.172
-35.600	-6.000	0.175
-35.500	-6.000	0.158
-35.400	-6.000	0.153
-35.300	-6.000	0.125
-35.200	-6.000	0.115
-40.800	-6.100	0.030
-40.700	-6.100	0.031
-40.600	-6.100	0.032
-40.500	-6.100	0.033
-40.400	-6.100	0.035
-40.300	-6.100	0.036
-40.200	-6.100	0.037
-40.100	-6.100	0.041
-40.000	-6.100	0.043
-39.900	-6.100	0.044
-39.800	-6.100	0.046
-39.700	-6.100	0.048
-39.600	-6.100	0.051
-39.500	-6.100	0.053
-39.400	-6.100	0.056
-39.300	-6.100	0.061
-39.200	-6.100	0.065
-39.100	-6.100	0.069
-39.000	-6.100	0.073
-38.900	-6.100	0.083
-38.800	-6.100	0.091
-38.700	-6.100	0.100
-38.600	-6.100	0.120
-38.500	-6.100	0.135
-38.400	-6.100	0.166
-38.300	-6.100	0.186
-38.200	-6.100	0.213
-38.100	-6.100	0.244
-38.000	-6.100	0.276
-37.900	-6.100	0.284
-37.800	-6.100	0.310
-37.700	-6.100	0.306
-37.600	-6.100	0.322
-37.500	-6.100	0.306
-37.400	-6.100	0.310
-37.300	-6.100	0.285
-37.200	-6.100	0.276
-37.100	-6.100	0.245
-37.000	-6.100	0.215
-36.900	-6.100	0.191
-36.800	-6.100	0.175
-36.700	-6.100	0.157
-36.600	-6.100	0.139
-36.500	-6.100	0.133
-36.400	-6.100	0.132
-36.300	-6.100	0.133
-36.200	-6.100	0.137
-36.100	-6.100	0.148
-36.000	-6.100	0.156
-35.900	-6.100	0.155
-35.800	-6.100	0.159
-35.700	-6.100	0.153
-35.600	-6.100	0.152
-35.500	-6.100	0.132
-35.400	-6.100	0.125
-35.300	-6.100	0.115
-35.200	-6.100	0.105
-35.100	-6.100	0.088
-40.800	-6.200	0.029
-40.700	-6.200	0.030
-40.600	-6.200	0.031
-40.500	-6.200	0.033
-40.400	-6.200	0.034
-40.300	-6.200	0.035
-40.200	-6.200	0.036
-40.100	-6.200	0.040
-40.000	-6.200	0.042
-39.900	-6.200	0.043
-39.800	-6.200	0.045
-39.700	-6.200	0.048
-39.600	-6.200	0.050
-39.500	-6.200	0.052
-39.400	-6.200	0.055
-39.300	-6.200	0.061
-39.200	-6.200	0.064
-39.100	-6.200	0.069
-39.000	-6.200	0.073
-38.900	-6.200	0.084
-38.800	-6.200	0.092
-38.700	-6.200	0.108
-38.600	-6.200	0.125
-38.500	-6.200	0.150
-38.400	-6.200	0.180
-38.300	-6.200	0.199
-38.200	-6.200	0.258
-38.100	-6.200	0.266
-38.000	-6.200	0.319
-37.900	-6.200	0.311
-37.800	-6.200	0.388
-37.700	-6.200	0.335
-37.600	-6.200	0.406
-37.500	-6.200	0.335
-37.400	-6.200	0.388
-37.300	-6.200	0.311
-37.200	-6.200	0.319
-37.100	-6.200	0.268
-37.000	-6.200	0.260
-36.900	-6.200	0.203
-36.800	-6.200	0.188
-36.700	-6.200	0.163
-36.600	-6.200	0.151
-36.500	-6.200	0.132
-36.400	-6.200	0.129
-36.300	-6.200	0.127
-36.200	-6.200	0.130
-36.100	-6.200	0.131
-36.000	-6.200	0.146
-35.900	-6.200	0.143
-35.800	-6.200	0.149
-35.700	-6.200	0.132
-35.600	-6.200	0.141
-35.500	-6.200	0.122
-35.400	-6.200	0.116
-35.300	-6.200	0.106
-35.200	-6.200	0.097
-35.100	-6.200	0.083
-40.700	-6.300	0.029
-40.600	-6.300	0.031
-40.500	-6.300	0.032
-40.400	-6.300	0.033
-40.300	-6.300	0.034
-40.200	-6.300	0.036
-40.100	-6.300	0.037
-40.000	-6.300	0.041
-39.900	-6.300	0.043
-39.800	-6.300	0.045
-39.700	-6.300	0.047
-39.600	-6.300	0.049
-39.500	-6.300	0.052
-39.400	-6.300	0.054
-39.300	-6.300	0.060
-39.200	-6.300	0.064
-39.100	-6.300	0.068
-39.000	-6.300	0.073
-38.900	-6.300	0.084
-38.800	-6.300	0.093
-38.700	-6.300	0.109
-38.600	-6.300	0.125
-38.500	-6.300	0.142
-38.400	-6.300	0.177
-38.300	-6.300	0.199
-38.200	-6.300	0.244
-38.100	-6.300	0.263
-38.000	-6.300	0.298
-37.900	-6.300	0.306
-37.800	-6.300	0.334
-37.700	-6.300	0.329
-37.600	-6.300	0.346
-37.500	-6.300	0.329
-37.400	-6.300	0.334
-37.300	-6.300	0.306
-37.200	-6.300	0.298
-37.100	-6.300	0.264
-37.000	-6.300	0.246
-36.900	-6.300	0.202
-36.800	-6.300	0.183
-36.700	-6.300	0.161
-36.600	-6.300	0.138
-36.500	-6.300	0.128
-36.400	-6.300	0.123
-36.300	-6.300	0.119
-36.200	-6.300	0.119
-36.100	-6.300	0.119
-36.000	-6.300	0.121
-35.900	-6.300	0.120
-35.800	-6.300	0.121
-35.700	-6.300	0.117
-35.600	-6.300	0.115
-35.500	-6.300	0.108
-35.400	-6.300	0.103
-35.300	-6.300	0.089
-35.200	-6.300	0.083
-35.100	-6.300	0.076
-40.800	-6.400	0.028
-40.700	-6.400	0.029
-40.600	-6.400	0.030
-40.500	-6.400	0.031
-40.400	-6.400	0.032
-40.300	-6.400	0.033
-40.200	-6.400	0.035
-40.100	-6.400	0.036
-40.000	-6.400	0.040
-39.900	-6.400	0.042
-39.800	-6.400	0.044
-39.700	-6.400	0.046
-39.600	-6.400	0.048
-39.500	-6.400	0.051
-39.400	-6.400	0.054
-39.300	-6.400	0.059
-39.200	-6.400	0.063
-39.100	-6.400	0.068
-39.000	-6.400	0.073
-38.900	-6.400	0.084
-38.800	-6.400	0.093
-38.700	-6.400	0.110
-38.600	-6.400	0.127
-38.500	-6.400	0.155
-38.400	-6.400	0.187
-38.300	-6.400	0.206
-38.200	-6.400	0.269
-38.100	-6.400	0.277
-38.000	-6.400	0.355
-37.900	-6.400	0.323
-37.800	-6.400	0.406
-37.700	-6.400	0.347
-37.600	-6.400	0.423
-37.500	-6.400	0.347
-37.400	-6.400	0.406
-37.300	-6.400	0.323
-37.200	-6.400	0.356
-37.100	-6.400	0.278
-37.000	-6.400	0.271
-36.900	-6.400	0.209
-36.800	-6.400	0.192
-36.700	-6.400	0.163
-36.600	-6.400	0.147
-36.500	-6.400	0.126
-36.400	-6.400	0.119
-36.300	-6.400	0.113
-36.200	-6.400	0.112
-36.100	-6.400	0.110
-36.000	-6.400	0.111
-35.900	-6.400	0.109
-35.800	-6.400	0.109
-35.700	-6.400	0.106
-35.600	-6.400	0.103
-35.500	-6.400	0.097
-35.400	-6.400	0.087
-35.300	-6.400	0.082
-35.200	-6.400	0.076
-35.100	-6.400	0.071
-35.000	-6.400	0.062
-40.700	-6.500	0.028
-40.600	-6.500	0.029
-40.500	-6.500	0.030
-40.400	-6.500	0.031
-40.300	-6.500	0.033
-40.200	-6.500	0.034
-40.100	-6.500	0.036
-40.000	-6.500	0.037
-39.900	-6.500	0.041
-39.800	-6.500	0.043
-39.700	-6.500	0.045
-39.600	-6.500	0.048
-39.500	-6.500	0.050
-39.400	-6.500	0.053
-39.300	-6.500	0.059
-39.200	-6.500	0.063
-39.100	-6.500	0.067
-39.000	-6.500	0.072
-38.900	-6.500	0.083
-38.800	-6.500	0.092
-38.700	-6.500	0.108
-38.600	-6.500	0.125
-38.500	-6.500	0.142
-38.400	-6.500	0.177
-38.300	-6.500	0.199
-38.200	-6.500	0.244
-38.100	-6.500	0.263
-38.000	-6.500	0.298
-37.900	-6.500	0.306
-37.800	-6.500	0.334
-37.700	-6.500	0.329
-37.600	-6.500	0.346
-37.500	-6.500	0.329
-37.400	-6.500	0.334
-37.300	-6.500	0.306
-37.200	-6.500	0.298
-37.100	-6.500	0.264
-37.000	-6.500	0.245
-36.900	-6.500	0.201
-36.800	-6.500	0.181
-36.700	-6.500	0.157
-36.600	-6.500	0.133
-36.500	-6.500	0.121
-36.400	-6.500	0.112
-36.300	-6.500	0.101
-36.200	-6.500	0.098
-36.100	-6.500	0.096
-36.000	-6.500	0.095
-35.900	-6.500	0.093
-35.800	-6.500	0.092
-35.700	-6.500	0.089
-35.600	-6.500	0.087
-35.500	-6.500	0.083
-35.400	-6.500	0.079
-35.300	-6.500	0.075
-35.200	-6.500	0.066
-35.100	-6.500	0.062
-35.000	-6.500	0.058
-40.700	-6.600	0.027
-40.600	-6.600	0.028
-40.500	-6.600	0.030
-40.400	-6.600	0.031
-40.300	-6.600	0.032
-40.200	-6.600	0.033
-40.100	-6.600	0.035
-40.000	-6.600	0.036
-39.900	-6.600	0.040
-39.800	-6.600	0.042
-39.700	-6.600	0.044
-39.600	-6.600	0.047
-39.500	-6.600	0.049
-39.400	-6.600	0.052
-39.300	-6.600	0.058
-39.200	-6.600	0.062
-39.100	-6.600	0.066
-39.000	-6.600	0.071
-38.900	-6.600	0.082
-38.800	-6.600	0.090
-38.700	-6.600	0.107
-38.600	-6.600	0.123
-38.500	-6.600	0.149
-38.400	-6.600	0.180
-38.300	-6.600	0.198
-38.200	-6.600	0.258
-38.100	-6.600	0.266
-38.000	-6.600	0.318
-37.900	-6.600	0.310
-37.800	-6.600	0.388
-37.700	-6.600	0.334
-37.600	-6.600	0.405
-37.500	-6.600	0.334
-37.400	-6.600	0.388
-37.300	-6.600	0.311
-37.200	-6.600	0.319
-37.100	-6.600	0.267
-37.000	-6.600	0.259
-36.900	-6.600	0.200
-36.800	-6.600	0.183
-36.700	-6.600	0.154
-36.600	-6.600	0.130
-36.500	-6.600	0.117
-36.400	-6.600	0.108
-36.300	-6.600	0.097
-36.200	-6.600	0.093
-36.100	-6.600	0.090
-36.000	-6.600	0.088
-35.900	-6.600	0.086
-35.800	-6.600	0.084
-35.700	-6.600	0.082
-35.600	-6.600	0.079
-35.500	-6.600	0.076
-35.400	-6.600	0.072
-35.300	-6.600	0.065
-35.200	-6.600	0.062
-35.100	-6.600	0.058
-35.000	-6.600	0.055
-40.600	-6.700	0.028
-40.500	-6.700	0.029
-40.400	-6.700	0.030
-40.300	-6.700	0.031
-40.200	-6.700	0.033
-40.100	-6.700	0.034
-40.000	-6.700	0.036
-39.900	-6.700	0.037
-39.800	-6.700	0.041
-39.700	-6.700	0.044
-39.600	-6.700	0.046
-39.500	-6.700	0.049
-39.400	-6.700	0.051
-39.300	-6.700	0.054
-39.200	-6.700	0.061
-39.100	-6.700	0.065
-39.000	-6.700	0.070
-38.900	-6.700	0.080
-38.800	-6.700	0.088
-38.700	-6.700	0.098
-38.600	-6.700	0.118
-38.500	-6.700	0.134
-38.400	-6.700	0.164
-38.300	-6.700	0.185
-38.200	-6.700	0.212
-38.100	-6.700	0.243
-38.000	-6.700	0.275
-37.900	-6.700	0.284
-37.800	-6.700	0.309
-37.700	-6.700	0.306
-37.600	-6.700	0.321
-37.500	-6.700	0.306
-37.400	-6.700	0.309
-37.300	-6.700	0.284
-37.200	-6.700	0.275
-37.100	-6.700	0.244
-37.000	-6.700	0.213
-36.900	-6.700	0.187
-36.800	-6.700	0.167
-36.700	-6.700	0.137
-36.600	-6.700	0.123
-36.500	-6.700	0.111
-36.400	-6.700	0.098
-36.300	-6.700	0.092
-36.200	-6.700	0.088
-36.100	-6.700	0.084
-36.000	-6.700	0.082
-35.900	-6.700	0.079
-35.800	-6.700	0.077
-35.700	-6.700	0.071
-35.600	-6.700	0.069
-35.500	-6.700	0.066
-35.400	-6.700	0.063
-35.300	-6.700	0.061
-35.200	-6.700	0.058
-35.100	-6.700	0.055
-35.000	-6.700	0.052
-40.400	-6.800	0.029
-40.300	-6.800	0.031
-40.200	-6.800	0.032
-40.100	-6.800	0.033
-40.000	-6.800	0.035
-39.900	-6.800	0.037
-39.800	-6.800	0.040
-39.700	-6.800	0.043
-39.600	-6.800	0.045
-39.500	-6.800	0.048
-39.400	-6.800	0.051
-39.300	-6.800	0.053
-39.200	-6.800	0.059
-39.100	-6.800	0.064
-39.000	-6.800	0.068
-38.900	-6.800	0.074
-38.800	-6.800	0.085
-38.700	-6.800	0.095
-38.600	-6.800	0.113
-38.500	-6.800	0.128
-38.400	-6.800	0.160
-38.300	-6.800	0.178
-38.200	-6.800	0.225
-38.100	-6.800	0.235
-38.000	-6.800	0.280
-37.900	-6.800	0.276
-37.800	-6.800	0.318
-37.700	-6.800	0.298
-37.600	-6.800	0.354
-37.500	-6.800	0.298
-37.400	-6.800	0.318
-37.300	-6.800	0.276
-37.200	-6.800	0.281
-37.100	-6.800	0.236
-37.000	-6.800	0.226
-36.900	-6.800	0.179
-36.800	-6.800	0.162
-36.700	-6.800	0.131
-36.600	-6.800	0.118
-36.500	-6.800	0.101
-36.400	-6.800	0.093
-36.300	-6.800	0.087
-36.200	-6.800	0.083
-36.100	-6.800	0.076
-36.000	-6.800	0.073
-35.900	-6.800	0.071
-35.800	-6.800	0.069
-35.700	-6.800	0.066
-35.600	-6.800	0.064
-35.500	-6.800	0.062
-35.400	-6.800	0.060
-35.300	-6.800	0.057
-35.200	-6.800	0.054
-35.100	-6.800	0.050
-35.000	-6.800	0.047
-40.400	-6.900	0.029
-40.300	-6.900	0.030
-40.200	-6.900	0.031
-40.100	-6.900	0.033
-40.000	-6.900	0.034
-39.900	-6.900	0.036
-39.800	-6.900	0.040
-39.700	-6.900	0.042
-39.600	-6.900	0.044
-39.500	-6.900	0.047
-39.400	-6.900	0.049
-39.300	-6.900	0.052
-39.200	-6.900	0.058
-39.100	-6.900	0.062
-39.000	-6.900	0.067
-38.900	-6.900	0.072
-38.800	-6.900	0.082
-38.700	-6.900	0.090
-38.600	-6.900	0.100
-38.500	-6.900	0.119
-38.400	-6.900	0.135
-38.300	-6.900	0.160
-38.200	-6.900	0.183
-38.100	-6.900	0.198
-38.000	-6.900	0.234
-37.900	-6.900	0.243
-37.800	-6.900	0.264
-37.700	-6.900	0.262
-37.600	-6.900	0.275
-37.500	-6.900	0.262
-37.400	-6.900	0.264
-37.300	-6.900	0.243
-37.200	-6.900	0.234
-37.100	-6.900	0.199
-37.000	-6.900	0.184
-36.900	-6.900	0.162
-36.800	-6.900	0.137
-36.700	-6.900	0.122
-36.600	-6.900	0.110
-36.500	-6.900	0.095
-36.400	-6.900	0.089
-36.300	-6.900	0.083
-36.200	-6.900	0.075
-36.100	-6.900	0.072
-36.000	-6.900	0.070
-35.900	-6.900	0.067
-35.800	-6.900	0.065
-35.700	-6.900	0.063
-35.600	-6.900	0.060
-35.500	-6.900	0.058
-35.400	-6.900	0.056
-35.300	-6.900	0.051
-35.200	-6.900	0.049
-35.100	-6.900	0.047
-35.000	-6.900	0.045
-34.900	-6.900	0.043
-40.400	-7.000	0.028
-40.300	-7.000	0.029
-40.200	-7.000	0.031
-40.100	-7.000	0.032
-40.000	-7.000	0.034
-39.900	-7.000	0.035
-39.800	-7.000	0.037
-39.700	-7.000	0.041
-39.600	-7.000	0.043
-39.500	-7.000	0.046
-39.400	-7.000	0.048
-39.300	-7.000	0.051
-39.200	-7.000	0.054
-39.100	-7.000	0.060
-39.000	-7.000	0.065
-38.900	-7.000	0.069
-38.800	-7.000	0.078
-38.700	-7.000	0.086
-38.600	-7.000	0.095
-38.500	-7.000	0.111
-38.400	-7.000	0.126
-38.300	-7.000	0.139
-38.200	-7.000	0.172
-38.100	-7.000	0.183
-38.000	-7.000	0.225
-37.900	-7.000	0.212
-37.800	-7.000	0.256
-37.700	-7.000	0.244
-37.600	-7.000	0.268
-37.500	-7.000	0.244
-37.400	-7.000	0.257
-37.300	-7.000	0.212
-37.200	-7.000	0.225
-37.100	-7.000	0.184
-37.000	-7.000	0.173
-36.900	-7.000	0.140
-36.800	-7.000	0.128
-36.700	-7.000	0.114
-36.600	-7.000	0.098
-36.500	-7.000	0.090
-36.400	-7.000	0.084
-36.300	-7.000	0.075
-36.200	-7.000	0.072
-36.100	-7.000	0.069
-36.000	-7.000	0.066
-35.900	-7.000	0.064
-35.800	-7.000	0.062
-35.700	-7.000	0.059
-35.600	-7.000	0.057
-35.500	-7.000	0.053
-35.400	-7.000	0.051
-35.300	-7.000	0.049
-35.200	-7.000	0.047
-35.100	-7.000	0.045
-35.000	-7.000	0.043
-34.900	-7.000	0.042
-40.400	-7.100	0.028
-40.300	-7.100	0.029
-40.200	-7.100	0.030
-40.100	-7.100	0.031
-40.000	-7.100	0.033
-39.900	-7.100	0.034
-39.800	-7.100	0.036
-39.700	-7.100	0.040
-39.600	-7.100	0.042
-39.500	-7.100	0.045
-39.400	-7.100	0.047
-39.300	-7.100	0.050
-39.200	-7.100	0.053
-39.100	-7.100	0.058
-39.000	-7.100	0.062
-38.900	-7.100	0.067
-38.800	-7.100	0.071
-38.700	-7.100	0.081
-38.600	-7.100	0.089
-38.500	-7.100	0.097
-38.400	-7.100	0.114
-38.300	-7.100	0.125
-38.200	-7.100	0.139
-38.100	-7.100	0.160
-38.000	-7.100	0.176
-37.900	-7.100	0.184
-37.800	-7.100	0.197
-37.700	-7.100	0.198
-37.600	-7.100	0.204
-37.500	-7.100	0.198
-37.400	-7.100	0.197
-37.300	-7.100	0.184
-37.200	-7.100	0.177
-37.100	-7.100	0.160
-37.000	-7.100	0.140
-36.900	-7.100	0.127
-36.800	-7.100	0.116
-36.700	-7.100	0.099
-36.600	-7.100	0.092
-36.500	-7.100	0.085
-36.400	-7.100	0.076
-36.300	-7.100	0.072
-36.200	-7.100	0.069
-36.100	-7.100	0.066
-36.000	-7.100	0.063
-35.900	-7.100	0.061
-35.800	-7.100	0.059
-35.700	-7.100	0.054
-35.600	-7.100	0.052
-35.500	-7.100	0.050
-35.400	-7.100	0.048
-35.300	-7.100	0.047
-35.200	-7.100	0.045
-35.100	-7.100	0.043
-35.000	-7.100	0.041
-34.900	-7.100	0.040
-40.500	-7.200	0.025
-40.400	-7.200	0.027
-40.300	-7.200	0.028
-40.200	-7.200	0.029
-40.100	-7.200	0.031
-40.000	-7.200	0.032
-39.900	-7.200	0.034
-39.800	-7.200	0.035
-39.700	-7.200	0.039
-39.600	-7.200	0.041
-39.500	-7.200	0.043
-39.400	-7.200	0.046
-39.300	-7.200	0.048
-39.200	-7.200	0.051
-39.100	-7.200	0.054
-39.000	-7.200	0.060
-38.900	-7.200	0.064
-38.800	-7.200	0.068
-38.700	-7.200	0.073
-38.600	-7.200	0.083
-38.500	-7.200	0.090
-38.400	-7.200	0.104
-38.300	-7.200	0.114
-38.200	-7.200	0.126
-38.100	-7.200	0.135
-38.000	-7.200	0.159
-37.900	-7.200	0.164
-37.800	-7.200	0.178
-37.700	-7.200	0.176
-37.600	-7.200	0.185
-37.500	-7.200	0.176
-37.400	-7.200	0.178
-37.300	-7.200	0.164
-37.200	-7.200	0.159
-37.100	-7.200	0.135
-37.000	-7.200	0.127
-36.900	-7.200	0.115
-36.800	-7.200	0.106
-36.700	-7.200	0.093
-36.600	-7.200	0.086
-36.500	-7.200	0.080
-36.400	-7.200	0.072
-36.300	-7.200	0.069
-36.200	-7.200	0.066
-36.100	-7.200	0.063
-36.000	-7.200	0.060
-35.900	-7.200	0.058
-35.800	-7.200	0.053
-35.700	-7.200	0.052
-35.600	-7.200	0.050
-35.500	-7.200	0.048
-35.400	-7.200	0.046
-35.300	-7.200	0.045
-35.200	-7.200	0.043
-35.100	-7.200	0.041
-35.000	-7.200	0.040
-34.900	-7.200	0.038
-34.800	-7.200	0.035
-40.500	-7.300	0.024
-40.400	-7.300	0.026
-40.300	-7.300	0.027
-40.200	-7.300	0.029
-40.100	-7.300	0.030
-40.000	-7.300	0.031
-39.900	-7.300	0.033
-39.800	-7.300	0.034
-39.700	-7.300	0.036
-39.600	-7.300	0.040
-39.500	-7.300	0.042
-39.400	-7.300	0.044
-39.300	-7.300	0.047
-39.200	-7.300	0.049
-39.100	-7.300	0.052
-39.000	-7.300	0.058
-38.900	-7.300	0.061
-38.800	-7.300	0.065
-38.700	-7.300	0.069
-38.600	-7.300	0.074
-38.500	-7.300	0.084
-38.400	-7.300	0.090
-38.300	-7.300	0.097
-38.200	-7.300	0.111
-38.100	-7.300	0.118
-38.000	-7.300	0.127
-37.900	-7.300	0.132
-37.800	-7.300	0.139
-37.700	-7.300	0.140
-37.600	-7.300	0.153
-37.500	-7.300	0.140
-37.400	-7.300	0.139
-37.100	-7.300	0.119
-37.000	-7.300	0.111
-36.900	-7.300	0.098
-36.800	-7.300	0.092
-36.700	-7.300	0.086
-36.600	-7.300	0.080
-36.500	-7.300	0.072
-36.400	-7.300	0.069
-36.300	-7.300	0.066
-36.200	-7.300	0.063
-36.100	-7.300	0.060
-36.000	-7.300	0.055
-35.900	-7.300	0.053
-35.800	-7.300	0.051
-35.700	-7.300	0.049
-35.600	-7.300	0.048
-35.500	-7.300	0.046
-35.400	-7.300	0.044
-35.300	-7.300	0.043
-35.200	-7.300	0.041
-35.100	-7.300	0.040
-35.000	-7.300	0.038
-34.900	-7.300	0.035
-34.800	-7.300	0.033
-39.600	-7.400	0.039
-39.500	-7.400	0.041
-39.400	-7.400	0.043
-39.300	-7.400	0.045
-39.200	-7.400	0.048
-39.100	-7.400	0.050
-39.000	-7.400	0.053
-38.900	-7.400	0.059
-38.800	-7.400	0.062
-38.700	-7.400	0.066
-38.600	-7.400	0.070
-38.500	-7.400	0.074
-38.400	-7.400	0.083
-38.300	-7.400	0.088
-38.200	-7.400	0.094
-38.100	-7.400	0.099
-38.000	-7.400	0.112
-37.900	-7.400	0.116
-37.800	-7.400	0.122
-37.700	-7.400	0.123
-37.600	-7.400	0.125
-37.500	-7.400	0.123
-37.000	-7.400	0.095
-36.900	-7.400	0.090
-36.800	-7.400	0.084
-36.700	-7.400	0.079
-36.600	-7.400	0.072
-36.500	-7.400	0.068
-36.400	-7.400	0.065
-36.300	-7.400	0.062
-36.200	-7.400	0.060
-36.100	-7.400	0.055
-36.000	-7.400	0.053
-35.900	-7.400	0.051
-35.800	-7.400	0.049
-35.700	-7.400	0.047
-35.600	-7.400	0.046
-35.500	-7.400	0.044
-35.400	-7.400	0.042
-35.100	-7.400	0.036
-35.000	-7.400	0.035
-34.900	-7.400	0.033
-39.400	-7.500	0.042
-39.300	-7.500	0.044
-39.200	-7.500	0.046
-39.100	-7.500	0.048
-39.000	-7.500	0.051
-38.900	-7.500	0.053
-38.800	-7.500	0.059
-38.700	-7.500	0.062
-38.600	-7.500	0.066
-38.500	-7.500	0.069
-38.400	-7.500	0.073
-38.300	-7.500	0.081
-38.200	-7.500	0.085
-38.100	-7.500	0.089
-38.000	-7.500	0.093
-37.900	-7.500	0.097
-37.800	-7.500	0.099
-37.700	-7.500	0.106
-37.600	-7.500	0.108
-37.000	-7.500	0.086
-36.900	-7.500	0.082
-36.800	-7.500	0.074
-36.700	-7.500	0.071
-36.600	-7.500	0.068
-36.500	-7.500	0.065
-36.400	-7.500	0.062
-36.300	-7.500	0.059
-36.200	-7.500	0.054
-36.100	-7.500	0.052
-36.000	-7.500	0.051
-35.900	-7.500	0.049
-35.800	-7.500	0.047
-35.700	-7.500	0.045
-35.600	-7.500	0.044
-34.900	-7.500	0.032
-39.400	-7.600	0.040
-39.300	-7.600	0.042
-39.200	-7.600	0.044
-39.100	-7.600	0.046
-39.000	-7.600	0.049
-38.900	-7.600	0.051
-38.800	-7.600	0.053
-38.700	-7.600	0.059
-38.600	-7.600	0.062
-38.500	-7.600	0.065
-38.400	-7.600	0.068
-38.300	-7.600	0.071
-38.200	-7.600	0.074
-38.100	-7.600	0.081
-38.000	-7.600	0.084
-37.900	-7.600	0.087
-37.800	-7.600	0.089
-37.100	-7.600	0.081
-37.000	-7.600	0.078
-36.900	-7.600	0.072
-36.800	-7.600	0.069
-36.700	-7.600	0.066
-36.600	-7.600	0.064
-36.500	-7.600	0.061
-36.400	-7.600	0.059
-36.300	-7.600	0.054
-36.200	-7.600	0.052
-36.100	-7.600	0.050
-36.000	-7.600	0.048
-35.900	-7.600	0.047
-35.800	-7.600	0.045
-35.700	-7.600	0.043
-35.600	-7.600	0.042
-39.100	-7.700	0.045
-39.000	-7.700	0.047
-38.900	-7.700	0.049
-38.600	-7.700	0.058
-38.500	-7.700	0.061
-38.400	-7.700	0.063
-38.300	-7.700	0.066
-38.200	-7.700	0.068
-38.100	-7.700	0.070
-38.000	-7.700	0.072
-37.100	-7.700	0.071
-37.000	-7.700	0.069
-36.900	-7.700	0.067
-36.800	-7.700	0.065
-36.700	-7.700	0.062
-36.600	-7.700	0.060
-36.500	-7.700	0.058
-36.400	-7.700	0.053
-36.300	-7.700	0.051
-36.200	-7.700	0.050
-36.100	-7.700	0.048
-36.000	-7.700	0.046
-35.900	-7.700	0.044
-35.800	-7.700	0.043
-35.700	-7.700	0.041
-39.000	-7.800	0.045
-38.200	-7.800	0.063
-38.100	-7.800	0.065
-37.100	-7.800	0.066
-37.000	-7.800	0.064
-36.900	-7.800	0.062
-36.800	-7.800	0.060
-36.700	-7.800	0.058
-36.600	-7.800	0.054
-36.500	-7.800	0.052
-36.400	-7.800	0.051
-36.300	-7.800	0.049
-36.000	-7.800	0.044
-37.200	-7.900	0.062
-37.100	-7.900	0.061
-37.000	-7.900	0.060
-36.900	-7.900	0.058
-36.800	-7.900	0.054
-36.700	-7.900	0.053
-36.600	-7.900	0.051
-36.500	-7.900	0.050
-37.100	-8.000	0.057
-37.000	-8.000	0.053
-36.900	-8.000	0.052
-36.800	-8.000	0.051
-36.700	-8.000	0.050
-37.100	-8.100	0.051
-37.000	-8.100	0.050
-36.900	-8.100	0.049
-36.800	-8.100	0.048
-36.700	-8.100	0.047
-37.100	-8.200	0.048
-37.000	-8.200	0.047
-36.900	-8.200	0.046
