-40.500	-2.800	0.032
-41.200	-2.900	0.024
-41.100	-2.900	0.026
-41.000	-2.900	0.027
-40.900	-2.900	0.029
-40.800	-2.900	0.030
-40.700	-2.900	0.031
-40.600	-2.900	0.032
-40.500	-2.900	0.036
-40.400	-2.900	0.037
-40.300	-2.900	0.039
-40.200	-2.900	0.040
-40.100	-2.900	0.041
-40.000	-2.900	0.043
-39.900	-2.900	0.043
-41.200	-3.000	0.025
-41.100	-3.000	0.027
-41.000	-3.000	0.028
-40.900	-3.000	0.030
-40.800	-3.000	0.032
-40.700	-3.000	0.033
-40.600	-3.000	0.037
-40.500	-3.000	0.039
-40.400	-3.000	0.041
-40.300	-3.000	0.043
-40.200	-3.000	0.046
-40.100	-3.000	0.049
-40.000	-3.000	0.050
-39.900	-3.000	0.051
-39.800	-3.000	0.052
-39.700	-3.000	0.053
-41.200	-3.100	0.026
-41.100	-3.100	0.028
-41.000	-3.100	0.030
-40.900	-3.100	0.031
-40.800	-3.100	0.032
-40.700	-3.100	0.037
-40.600	-3.100	0.039
-40.500	-3.100	0.041
-40.400	-3.100	0.044
-40.300	-3.100	0.049
-40.200	-3.100	0.052
-40.100	-3.100	0.054
-40.000	-3.100	0.057
-39.900	-3.100	0.058
-39.800	-3.100	0.059
-39.700	-3.100	0.059
-39.600	-3.100	0.057
-41.300	-3.200	0.026
-41.200	-3.200	0.027
-41.100	-3.200	0.029
-41.000	-3.200	0.031
-40.900	-3.200	0.032
-40.800	-3.200	0.036
-40.700	-3.200	0.039
-40.600	-3.200	0.041
-40.500	-3.200	0.047
-40.400	-3.200	0.051
-40.300	-3.200	0.055
-40.200	-3.200	0.058
-40.100	-3.200	0.065
-40.000	-3.200	0.069
-39.900	-3.200	0.070
-39.800	-3.200	0.072
-39.700	-3.200	0.070
-39.600	-3.200	0.070
-39.500	-3.200	0.068
-39.400	-3.200	0.065
-41.300	-3.300	0.026
-41.200	-3.300	0.028
-41.100	-3.300	0.030
-41.000	-3.300	0.032
-40.900	-3.300	0.036
-40.800	-3.300	0.038
-40.700	-3.300	0.041
-40.600	-3.300	0.047
-40.500	-3.300	0.051
-40.400	-3.300	0.056
-40.300	-3.300	0.060
-40.200	-3.300	0.069
-40.100	-3.300	0.073
-40.000	-3.300	0.078
-39.900	-3.300	0.079
-39.800	-3.300	0.081
-39.700	-3.300	0.079
-39.600	-3.300	0.079
-39.500	-3.300	0.075
-39.400	-3.300	0.073
-39.300	-3.300	0.069
-39.200	-3.300	0.062
-41.300	-3.400	0.027
-41.200	-3.400	0.029
-41.100	-3.400	0.031
-41.000	-3.400	0.032
-40.900	-3.400	0.037
-40.800	-3.400	0.040
-40.700	-3.400	0.043
-40.600	-3.400	0.051
-40.500	-3.400	0.056
-40.400	-3.400	0.066
-40.300	-3.400	0.072
-40.200	-3.400	0.079
-40.100	-3.400	0.082
-40.000	-3.400	0.096
-39.900	-3.400	0.089
-39.800	-3.400	0.101
-39.700	-3.400	0.090
-39.600	-3.400	0.097
-39.500	-3.400	0.085
-39.400	-3.400	0.083
-39.300	-3.400	0.077
-39.200	-3.400	0.074
-39.100	-3.400	0.069
-41.300	-3.500	0.028
-41.200	-3.500	0.030
-41.100	-3.500	0.032
-41.000	-3.500	0.036
-40.900	-3.500	0.039
-40.800	-3.500	0.042
-40.700	-3.500	0.049
-40.600	-3.500	0.054
-40.500	-3.500	0.061
-40.400	-3.500	0.072
-40.300	-3.500	0.078
-40.200	-3.500	0.085
-40.100	-3.500	0.091
-40.000	-3.500	0.104
-39.900	-3.500	0.104
-39.800	-3.500	0.109
-39.700	-3.500	0.105
-39.600	-3.500	0.106
-39.500	-3.500	0.092
-39.400	-3.500	0.089
-39.300	-3.500	0.084
-39.200	-3.500	0.080
-39.100	-3.500	0.075
-39.000	-3.500	0.072
-41.300	-3.600	0.029
-41.200	-3.600	0.030
-41.100	-3.600	0.032
-41.000	-3.600	0.037
-40.900	-3.600	0.040
-40.800	-3.600	0.046
-40.700	-3.600	0.052
-40.600	-3.600	0.058
-40.500	-3.600	0.069
-40.400	-3.600	0.079
-40.300	-3.600	0.085
-40.200	-3.600	0.105
-40.100	-3.600	0.108
-40.000	-3.600	0.120
-39.900	-3.600	0.118
-39.800	-3.600	0.126
-39.700	-3.600	0.118
-39.600	-3.600	0.122
-39.500	-3.600	0.110
-39.400	-3.600	0.110
-39.300	-3.600	0.098
-39.200	-3.600	0.095
-39.100	-3.600	0.083
-39.000	-3.600	0.081
-38.900	-3.600	0.077
-38.800	-3.600	0.077
-41.200	-3.700	0.031
-41.100	-3.700	0.035
-41.000	-3.700	0.038
-40.900	-3.700	0.041
-40.800	-3.700	0.049
-40.700	-3.700	0.054
-40.600	-3.700	0.065
-40.500	-3.700	0.073
-40.400	-3.700	0.083
-40.300	-3.700	0.090
-40.200	-3.700	0.108
-40.100	-3.700	0.113
-40.000	-3.700	0.122
-39.900	-3.700	0.123
-39.800	-3.700	0.128
-39.700	-3.700	0.123
-39.600	-3.700	0.124
-39.500	-3.700	0.116
-39.400	-3.700	0.113
-39.300	-3.700	0.104
-39.200	-3.700	0.099
-39.100	-3.700	0.088
-39.000	-3.700	0.086
-38.900	-3.700	0.084
-38.800	-3.700	0.084
-38.700	-3.700	0.083
-38.600	-3.700	0.084
-41.200	-3.800	0.031
-41.100	-3.800	0.036
-41.000	-3.800	0.038
-40.900	-3.800	0.042
-40.800	-3.800	0.050
-40.700	-3.800	0.056
-40.600	-3.800	0.069
-40.500	-3.800	0.077
-40.400	-3.800	0.096
-40.300	-3.800	0.104
-40.200	-3.800	0.120
-40.100	-3.800	0.123
-40.000	-3.800	0.148
-39.900	-3.800	0.133
-39.800	-3.800	0.156
-39.700	-3.800	0.134
-39.600	-3.800	0.151
-39.500	-3.800	0.126
-39.400	-3.800	0.126
-39.300	-3.800	0.113
-39.200	-3.800	0.111
-39.100	-3.800	0.102
-39.000	-3.800	0.102
-38.900	-3.800	0.091
-38.800	-3.800	0.100
-38.700	-3.800	0.092
-38.600	-3.800	0.103
-38.500	-3.800	0.099
-41.200	-3.900	0.032
-41.100	-3.900	0.036
-41.000	-3.900	0.039
-40.900	-3.900	0.042
-40.800	-3.900	0.050
-40.700	-3.900	0.057
-40.600	-3.900	0.069
-40.500	-3.900	0.078
-40.400	-3.900	0.089
-40.300	-3.900	0.104
-40.200	-3.900	0.117
-40.100	-3.900	0.122
-40.000	-3.900	0.132
-39.900	-3.900	0.133
-39.800	-3.900	0.139
-39.700	-3.900	0.134
-39.600	-3.900	0.135
-39.500	-3.900	0.126
-39.400	-3.900	0.124
-39.300	-3.900	0.114
-39.200	-3.900	0.111
-39.100	-3.900	0.106
-39.000	-3.900	0.105
-38.900	-3.900	0.102
-38.800	-3.900	0.105
-38.700	-3.900	0.105
-38.600	-3.900	0.110
-38.500	-3.900	0.108
-38.400	-3.900	0.111
-41.200	-4.000	0.031
-41.100	-4.000	0.036
-41.000	-4.000	0.039
-40.900	-4.000	0.043
-40.800	-4.000	0.051
-40.700	-4.000	0.057
-40.600	-4.000	0.071
-40.500	-4.000	0.080
-40.400	-4.000	0.100
-40.300	-4.000	0.108
-40.200	-4.000	0.126
-40.100	-4.000	0.128
-40.000	-4.000	0.156
-39.900	-4.000	0.138
-39.800	-4.000	0.164
-39.700	-4.000	0.140
-39.600	-4.000	0.159
-39.500	-4.000	0.132
-39.400	-4.000	0.143
-39.300	-4.000	0.120
-39.200	-4.000	0.121
-39.100	-4.000	0.111
-39.000	-4.000	0.115
-38.900	-4.000	0.112
-38.800	-4.000	0.119
-38.700	-4.000	0.116
-38.600	-4.000	0.125
-38.500	-4.000	0.121
-38.400	-4.000	0.127
-38.300	-4.000	0.119
-41.100	-4.100	0.035
-41.000	-4.100	0.039
-40.900	-4.100	0.043
-40.800	-4.100	0.051
-40.700	-4.100	0.057
-40.600	-4.100	0.069
-40.500	-4.100	0.078
-40.400	-4.100	0.089
-40.300	-4.100	0.104
-40.200	-4.100	0.117
-40.100	-4.100	0.123
-40.000	-4.100	0.133
-39.900	-4.100	0.134
-39.800	-4.100	0.139
-39.700	-4.100	0.134
-39.600	-4.100	0.136
-39.500	-4.100	0.128
-39.400	-4.100	0.126
-39.300	-4.100	0.118
-39.200	-4.100	0.116
-39.100	-4.100	0.112
-39.000	-4.100	0.114
-38.900	-4.100	0.114
-38.800	-4.100	0.120
-38.700	-4.100	0.120
-38.600	-4.100	0.126
-38.500	-4.100	0.125
-38.400	-4.100	0.129
-38.300	-4.100	0.123
-38.200	-4.100	0.123
-41.100	-4.200	0.035
-41.000	-4.200	0.039
-40.900	-4.200	0.042
-40.800	-4.200	0.050
-40.700	-4.200	0.057
-40.600	-4.200	0.068
-40.500	-4.200	0.077
-40.400	-4.200	0.096
-40.300	-4.200	0.104
-40.200	-4.200	0.120
-40.100	-4.200	0.123
-40.000	-4.200	0.148
-39.900	-4.200	0.133
-39.800	-4.200	0.157
-39.700	-4.200	0.135
-39.600	-4.200	0.153
-39.500	-4.200	0.128
-39.400	-4.200	0.140
-39.300	-4.200	0.119
-39.200	-4.200	0.122
-39.100	-4.200	0.116
-39.000	-4.200	0.122
-38.900	-4.200	0.120
-38.800	-4.200	0.140
-38.700	-4.200	0.129
-38.600	-4.200	0.153
-38.500	-4.200	0.136
-38.400	-4.200	0.158
-38.300	-4.200	0.134
-38.200	-4.200	0.148
-38.100	-4.200	0.123
-41.100	-4.300	0.035
-41.000	-4.300	0.038
-40.900	-4.300	0.042
-40.800	-4.300	0.048
-40.700	-4.300	0.055
-40.600	-4.300	0.065
-40.500	-4.300	0.073
-40.400	-4.300	0.083
-40.300	-4.300	0.090
-40.200	-4.300	0.108
-40.100	-4.300	0.113
-40.000	-4.300	0.123
-39.900	-4.300	0.123
-39.800	-4.300	0.129
-39.700	-4.300	0.125
-39.600	-4.300	0.127
-39.500	-4.300	0.121
-39.400	-4.300	0.120
-39.300	-4.300	0.114
-39.200	-4.300	0.114
-39.100	-4.300	0.112
-39.000	-4.300	0.117
-38.900	-4.300	0.119
-38.800	-4.300	0.127
-38.700	-4.300	0.129
-38.600	-4.300	0.136
-38.500	-4.300	0.135
-38.400	-4.300	0.140
-38.300	-4.300	0.134
-38.200	-4.300	0.134
-38.100	-4.300	0.123
-38.000	-4.300	0.118
-41.100	-4.400	0.033
-41.000	-4.400	0.037
-40.900	-4.400	0.041
-40.800	-4.400	0.047
-40.700	-4.400	0.052
-40.600	-4.400	0.059
-40.500	-4.400	0.070
-40.400	-4.400	0.079
-40.300	-4.400	0.086
-40.200	-4.400	0.105
-40.100	-4.400	0.109
-40.000	-4.400	0.121
-39.900	-4.400	0.119
-39.800	-4.400	0.127
-39.700	-4.400	0.120
-39.600	-4.400	0.125
-39.500	-4.400	0.116
-39.400	-4.400	0.119
-39.300	-4.400	0.111
-39.200	-4.400	0.115
-39.100	-4.400	0.112
-39.000	-4.400	0.121
-38.900	-4.400	0.121
-38.800	-4.400	0.144
-38.700	-4.400	0.133
-38.600	-4.400	0.159
-38.500	-4.400	0.140
-38.400	-4.400	0.165
-38.300	-4.400	0.139
-38.200	-4.400	0.157
-38.100	-4.400	0.128
-38.000	-4.400	0.126
-37.900	-4.400	0.109
-37.800	-4.400	0.102
-41.100	-4.500	0.032
-41.000	-4.500	0.036
-40.900	-4.500	0.039
-40.800	-4.500	0.043
-40.700	-4.500	0.049
-40.600	-4.500	0.055
-40.500	-4.500	0.061
-40.400	-4.500	0.072
-40.300	-4.500	0.079
-40.200	-4.500	0.087
-40.100	-4.500	0.091
-40.000	-4.500	0.105
-39.900	-4.500	0.105
-39.800	-4.500	0.110
-39.700	-4.500	0.108
-39.600	-4.500	0.110
-39.500	-4.500	0.105
-39.400	-4.500	0.106
-39.300	-4.500	0.103
-39.200	-4.500	0.105
-39.100	-4.500	0.106
-39.000	-4.500	0.112
-38.900	-4.500	0.115
-38.800	-4.500	0.124
-38.700	-4.500	0.128
-38.600	-4.500	0.135
-38.500	-4.500	0.134
-38.400	-4.500	0.139
-38.300	-4.500	0.134
-38.200	-4.500	0.134
-38.100	-4.500	0.123
-38.000	-4.500	0.118
-37.900	-4.500	0.106
-37.800	-4.500	0.091
-41.200	-4.600	0.030
-41.100	-4.600	0.031
-41.000	-4.600	0.035
-40.900	-4.600	0.038
-40.800	-4.600	0.040
-40.700	-4.600	0.045
-40.600	-4.600	0.051
-40.500	-4.600	0.057
-40.400	-4.600	0.066
-40.300	-4.600	0.072
-40.200	-4.600	0.080
-40.100	-4.600	0.083
-40.000	-4.600	0.097
-39.900	-4.600	0.097
-39.800	-4.600	0.103
-39.700	-4.600	0.099
-39.600	-4.600	0.103
-39.500	-4.600	0.092
-39.400	-4.600	0.101
-39.300	-4.600	0.092
-39.200	-4.600	0.102
-39.100	-4.600	0.102
-39.000	-4.600	0.111
-38.900	-4.600	0.114
-38.800	-4.600	0.126
-38.700	-4.600	0.126
-38.600	-4.600	0.151
-38.500	-4.600	0.135
-38.400	-4.600	0.157
-38.300	-4.600	0.134
-38.200	-4.600	0.149
-38.100	-4.600	0.123
-38.000	-4.600	0.122
-37.900	-4.600	0.106
-37.800	-4.600	0.099
-37.700	-4.600	0.082
-41.200	-4.700	0.028
-41.100	-4.700	0.031
-41.000	-4.700	0.032
-40.900	-4.700	0.037
-40.800	-4.700	0.039
-40.700	-4.700	0.042
-40.600	-4.700	0.048
-40.500	-4.700	0.052
-40.400	-4.700	0.057
-40.300	-4.700	0.061
-40.200	-4.700	0.071
-40.100	-4.700	0.075
-40.000	-4.700	0.079
-39.900	-4.700	0.081
-39.800	-4.700	0.084
-39.700	-4.700	0.083
-39.600	-4.700	0.084
-39.500	-4.700	0.083
-39.400	-4.700	0.084
-39.300	-4.700	0.085
-39.200	-4.700	0.086
-39.100	-4.700	0.089
-39.000	-4.700	0.101
-38.900	-4.700	0.105
-38.800	-4.700	0.114
-38.700	-4.700	0.117
-38.600	-4.700	0.125
-38.500	-4.700	0.125
-38.400	-4.700	0.129
-38.300	-4.700	0.125
-38.200	-4.700	0.124
-38.100	-4.700	0.115
-38.000	-4.700	0.110
-37.900	-4.700	0.093
-37.800	-4.700	0.088
-37.700	-4.700	0.079
-37.600	-4.700	0.072
-37.500	-4.700	0.063
-37.400	-4.700	0.060
-41.200	-4.800	0.027
-41.100	-4.800	0.029
-41.000	-4.800	0.031
-40.900	-4.800	0.033
-40.800	-4.800	0.037
-40.700	-4.800	0.040
-40.600	-4.800	0.043
-40.500	-4.800	0.049
-40.400	-4.800	0.053
-40.300	-4.800	0.056
-40.200	-4.800	0.060
-40.100	-4.800	0.066
-40.000	-4.800	0.071
-39.900	-4.800	0.073
-39.800	-4.800	0.075
-39.700	-4.800	0.075
-39.600	-4.800	0.077
-39.500	-4.800	0.076
-39.400	-4.800	0.078
-39.300	-4.800	0.078
-39.200	-4.800	0.082
-39.100	-4.800	0.085
-39.000	-4.800	0.097
-38.900	-4.800	0.100
-38.800	-4.800	0.111
-38.700	-4.800	0.112
-38.600	-4.800	0.123
-38.500	-4.800	0.120
-38.400	-4.800	0.128
-38.300	-4.800	0.120
-38.200	-4.800	0.122
-38.100	-4.800	0.111
-38.000	-4.800	0.109
-37.900	-4.800	0.091
-37.800	-4.800	0.086
-37.700	-4.800	0.078
-37.600	-4.800	0.072
-37.500	-4.800	0.064
-37.400	-4.800	0.060
-37.300	-4.800	0.058
-41.200	-4.900	0.027
-41.100	-4.900	0.028
-41.000	-4.900	0.030
-40.900	-4.900	0.032
-40.800	-4.900	0.035
-40.700	-4.900	0.037
-40.600	-4.900	0.040
-40.500	-4.900	0.042
-40.400	-4.900	0.045
-40.300	-4.900	0.051
-40.200	-4.900	0.054
-40.100	-4.900	0.057
-40.000	-4.900	0.059
-39.900	-4.900	0.061
-39.800	-4.900	0.063
-39.700	-4.900	0.063
-39.600	-4.900	0.065
-39.500	-4.900	0.065
-39.400	-4.900	0.066
-39.300	-4.900	0.067
-39.200	-4.900	0.075
-39.100	-4.900	0.077
-39.000	-4.900	0.082
-38.900	-4.900	0.086
-38.800	-4.900	0.091
-38.700	-4.900	0.095
-38.600	-4.900	0.107
-38.500	-4.900	0.108
-38.400	-4.900	0.111
-38.300	-4.900	0.108
-38.200	-4.900	0.108
-38.100	-4.900	0.095
-38.000	-4.900	0.092
-37.900	-4.900	0.086
-37.800	-4.900	0.082
-37.700	-4.900	0.076
-37.600	-4.900	0.068
-37.500	-4.900	0.064
-37.400	-4.900	0.062
-37.300	-4.900	0.059
-41.100	-5.000	0.027
-41.000	-5.000	0.029
-40.900	-5.000	0.031
-40.800	-5.000	0.032
-40.700	-5.000	0.036
-40.600	-5.000	0.038
-40.500	-5.000	0.040
-40.400	-5.000	0.042
-40.300	-5.000	0.045
-40.200	-5.000	0.049
-40.100	-5.000	0.051
-40.000	-5.000	0.053
-39.900	-5.000	0.055
-39.800	-5.000	0.057
-39.700	-5.000	0.058
-39.600	-5.000	0.059
-39.500	-5.000	0.060
-39.400	-5.000	0.062
-39.300	-5.000	0.063
-39.200	-5.000	0.065
-39.100	-5.000	0.071
-39.000	-5.000	0.076
-38.900	-5.000	0.080
-38.800	-5.000	0.085
-38.700	-5.000	0.089
-38.600	-5.000	0.101
-38.500	-5.000	0.101
-38.400	-5.000	0.106
-38.300	-5.000	0.101
-38.200	-5.000	0.103
-38.100	-5.000	0.091
-38.000	-5.000	0.089
-37.900	-5.000	0.083
-37.800	-5.000	0.081
-37.700	-5.000	0.075
-37.600	-5.000	0.069
-37.500	-5.000	0.066
-37.400	-5.000	0.063
-37.300	-5.000	0.061
-37.200	-5.000	0.059
-37.100	-5.000	0.058
-37.000	-5.000	0.057
-36.900	-5.000	0.057
-41.000	-5.100	0.028
-40.900	-5.100	0.030
-40.800	-5.100	0.031
-40.700	-5.100	0.033
-40.600	-5.100	0.036
-40.500	-5.100	0.037
-40.400	-5.100	0.039
-40.300	-5.100	0.041
-40.200	-5.100	0.043
-40.100	-5.100	0.045
-40.000	-5.100	0.046
-39.900	-5.100	0.048
-39.800	-5.100	0.052
-39.700	-5.100	0.053
-39.600	-5.100	0.054
-39.500	-5.100	0.055
-39.400	-5.100	0.057
-39.300	-5.100	0.059
-39.200	-5.100	0.061
-39.100	-5.100	0.064
-39.000	-5.100	0.066
-38.900	-5.100	0.073
-38.800	-5.100	0.077
-38.700	-5.100	0.080
-38.600	-5.100	0.085
-38.500	-5.100	0.086
-38.400	-5.100	0.088
-38.300	-5.100	0.087
-38.200	-5.100	0.088
-38.100	-5.100	0.086
-38.000	-5.100	0.085
-37.900	-5.100	0.081
-37.800	-5.100	0.079
-37.700	-5.100	0.072
-37.600	-5.100	0.070
-37.500	-5.100	0.068
-37.400	-5.100	0.066
-37.300	-5.100	0.064
-37.200	-5.100	0.063
-37.100	-5.100	0.062
-37.000	-5.100	0.061
-36.900	-5.100	0.060
-36.800	-5.100	0.061
-36.700	-5.100	0.063
-36.600	-5.100	0.064
-36.500	-5.100	0.071
-36.400	-5.100	0.077
-36.300	-5.100	0.081
-36.200	-5.100	0.088
-36.100	-5.100	0.092
-36.000	-5.100	0.104
-35.900	-5.100	0.104
-35.800	-5.100	0.108
-40.900	-5.200	0.029
-40.800	-5.200	0.030
-40.700	-5.200	0.031
-40.600	-5.200	0.032
-40.500	-5.200	0.034
-40.400	-5.200	0.037
-40.300	-5.200	0.039
-40.200	-5.200	0.040
-40.100	-5.200	0.042
-40.000	-5.200	0.043
-39.900	-5.200	0.045
-39.800	-5.200	0.046
-39.700	-5.200	0.047
-39.600	-5.200	0.048
-39.500	-5.200	0.049
-39.400	-5.200	0.051
-39.300	-5.200	0.055
-39.200	-5.200	0.057
-39.100	-5.200	0.059
-39.000	-5.200	0.062
-38.900	-5.200	0.065
-38.800	-5.200	0.072
-38.700	-5.200	0.075
-38.600	-5.200	0.079
-38.500	-5.200	0.081
-38.400	-5.200	0.083
-38.300	-5.200	0.084
-38.200	-5.200	0.085
-38.100	-5.200	0.084
-38.000	-5.200	0.084
-37.900	-5.200	0.081
-37.800	-5.200	0.081
-37.700	-5.200	0.079
-37.600	-5.200	0.077
-37.500	-5.200	0.071
-37.400	-5.200	0.070
-37.300	-5.200	0.068
-37.200	-5.200	0.067
-37.100	-5.200	0.065
-37.000	-5.200	0.064
-36.900	-5.200	0.064
-36.800	-5.200	0.064
-36.700	-5.200	0.066
-36.600	-5.200	0.072
-36.500	-5.200	0.077
-36.400	-5.200	0.084
-36.300	-5.200	0.089
-36.200	-5.200	0.107
-36.100	-5.200	0.109
-36.000	-5.200	0.120
-35.900	-5.200	0.118
-35.800	-5.200	0.125
-35.700	-5.200	0.117
-35.600	-5.200	0.119
-35.500	-5.200	0.107
-40.900	-5.300	0.028
-40.800	-5.300	0.029
-40.700	-5.300	0.030
-40.600	-5.300	0.031
-40.500	-5.300	0.033
-40.400	-5.300	0.034
-40.300	-5.300	0.035
-40.200	-5.300	0.038
-40.100	-5.300	0.040
-40.000	-5.300	0.041
-39.900	-5.300	0.043
-39.800	-5.300	0.043
-39.700	-5.300	0.044
-39.600	-5.300	0.046
-39.500	-5.300	0.047
-39.400	-5.300	0.048
-39.300	-5.300	0.049
-39.200	-5.300	0.051
-39.100	-5.300	0.056
-39.000	-5.300	0.058
-38.900	-5.300	0.062
-38.800	-5.300	0.064
-38.700	-5.300	0.066
-38.600	-5.300	0.070
-38.500	-5.300	0.076
-38.400	-5.300	0.079
-38.300	-5.300	0.080
-38.200	-5.300	0.082
-38.100	-5.300	0.083
-38.000	-5.300	0.083
-37.900	-5.300	0.084
-37.800	-5.300	0.084
-37.700	-5.300	0.083
-37.600	-5.300	0.083
-37.500	-5.300	0.081
-37.400	-5.300	0.080
-37.300	-5.300	0.073
-37.200	-5.300	0.072
-37.100	-5.300	0.070
-37.000	-5.300	0.069
-36.900	-5.300	0.068
-36.800	-5.300	0.069
-36.700	-5.300	0.069
-36.600	-5.300	0.076
-36.500	-5.300	0.081
-36.400	-5.300	0.088
-36.300	-5.300	0.093
-36.200	-5.300	0.110
-36.100	-5.300	0.114
-36.000	-5.300	0.123
-35.900	-5.300	0.123
-35.800	-5.300	0.128
-35.700	-5.300	0.122
-35.600	-5.300	0.122
-35.500	-5.300	0.113
-35.400	-5.300	0.107
-40.900	-5.400	0.027
-40.800	-5.400	0.028
-40.700	-5.400	0.029
-40.600	-5.400	0.030
-40.500	-5.400	0.031
-40.400	-5.400	0.032
-40.300	-5.400	0.033
-40.200	-5.400	0.035
-40.100	-5.400	0.036
-40.000	-5.400	0.039
-39.900	-5.400	0.040
-39.800	-5.400	0.041
-39.700	-5.400	0.043
-39.600	-5.400	0.044
-39.500	-5.400	0.045
-39.400	-5.400	0.046
-39.300	-5.400	0.048
-39.200	-5.400	0.050
-39.100	-5.400	0.052
-39.000	-5.400	0.057
-38.900	-5.400	0.059
-38.800	-5.400	0.062
-38.700	-5.400	0.064
-38.600	-5.400	0.068
-38.500	-5.400	0.070
-38.400	-5.400	0.077
-38.300	-5.400	0.080
-38.200	-5.400	0.084
-38.100	-5.400	0.086
-38.000	-5.400	0.089
-37.900	-5.400	0.090
-37.800	-5.400	0.092
-37.700	-5.400	0.091
-37.600	-5.400	0.092
-37.500	-5.400	0.090
-37.400	-5.400	0.089
-37.300	-5.400	0.085
-37.200	-5.400	0.083
-37.100	-5.400	0.080
-37.000	-5.400	0.078
-36.900	-5.400	0.076
-36.800	-5.400	0.077
-36.700	-5.400	0.078
-36.600	-5.400	0.082
-36.500	-5.400	0.086
-36.400	-5.400	0.102
-36.300	-5.400	0.107
-36.200	-5.400	0.122
-36.100	-5.400	0.123
-36.000	-5.400	0.148
-35.900	-5.400	0.133
-35.800	-5.400	0.155
-35.700	-5.400	0.132
-35.600	-5.400	0.148
-35.500	-5.400	0.122
-35.400	-5.400	0.120
-40.900	-5.500	0.024
-40.800	-5.500	0.027
-40.700	-5.500	0.028
-40.600	-5.500	0.029
-40.500	-5.500	0.029
-40.400	-5.500	0.031
-40.300	-5.500	0.032
-40.200	-5.500	0.033
-40.100	-5.500	0.035
-40.000	-5.500	0.035
-39.900	-5.500	0.037
-39.800	-5.500	0.039
-39.700	-5.500	0.040
-39.600	-5.500	0.042
-39.500	-5.500	0.043
-39.400	-5.500	0.045
-39.300	-5.500	0.047
-39.200	-5.500	0.049
-39.100	-5.500	0.050
-39.000	-5.500	0.052
-38.900	-5.500	0.057
-38.800	-5.500	0.060
-38.700	-5.500	0.063
-38.600	-5.500	0.066
-38.500	-5.500	0.069
-38.400	-5.500	0.077
-38.300	-5.500	0.081
-38.200	-5.500	0.086
-38.100	-5.500	0.090
-38.000	-5.500	0.094
-37.900	-5.500	0.097
-37.800	-5.500	0.106
-37.700	-5.500	0.101
-37.600	-5.500	0.109
-37.500	-5.500	0.100
-37.400	-5.500	0.105
-37.300	-5.500	0.095
-37.200	-5.500	0.092
-37.100	-5.500	0.087
-37.000	-5.500	0.085
-36.900	-5.500	0.081
-36.800	-5.500	0.081
-36.700	-5.500	0.082
-36.600	-5.500	0.085
-36.500	-5.500	0.089
-36.400	-5.500	0.102
-36.300	-5.500	0.109
-36.200	-5.500	0.120
-36.100	-5.500	0.124
-36.000	-5.500	0.134
-35.900	-5.500	0.133
-35.800	-5.500	0.138
-35.700	-5.500	0.132
-35.600	-5.500	0.133
-35.500	-5.500	0.123
-35.400	-5.500	0.117
-35.300	-5.500	0.104
-40.900	-5.600	0.024
-40.800	-5.600	0.024
-40.700	-5.600	0.026
-40.600	-5.600	0.027
-40.500	-5.600	0.028
-40.400	-5.600	0.029
-40.300	-5.600	0.031
-40.200	-5.600	0.032
-40.100	-5.600	0.033
-40.000	-5.600	0.034
-39.900	-5.600	0.035
-39.800	-5.600	0.036
-39.700	-5.600	0.037
-39.600	-5.600	0.041
-39.500	-5.600	0.042
-39.400	-5.600	0.044
-39.300	-5.600	0.046
-39.200	-5.600	0.047
-39.100	-5.600	0.049
-39.000	-5.600	0.052
-38.900	-5.600	0.053
-38.800	-5.600	0.059
-38.700	-5.600	0.063
-38.600	-5.600	0.067
-38.500	-5.600	0.070
-38.400	-5.600	0.080
-38.300	-5.600	0.086
-38.200	-5.600	0.092
-38.100	-5.600	0.098
-38.000	-5.600	0.114
-37.900	-5.600	0.117
-37.800	-5.600	0.125
-37.700	-5.600	0.124
-37.600	-5.600	0.129
-37.500	-5.600	0.123
-37.400	-5.600	0.125
-37.300	-5.600	0.115
-37.200	-5.600	0.113
-37.100	-5.600	0.097
-37.000	-5.600	0.094
-36.900	-5.600	0.089
-36.800	-5.600	0.087
-36.700	-5.600	0.086
-36.600	-5.600	0.089
-36.500	-5.600	0.092
-36.400	-5.600	0.109
-36.300	-5.600	0.113
-36.200	-5.600	0.128
-36.100	-5.600	0.129
-36.000	-5.600	0.157
-35.900	-5.600	0.138
-35.800	-5.600	0.164
-35.700	-5.600	0.139
-35.600	-5.600	0.155
-35.500	-5.600	0.127
-35.400	-5.600	0.125
-35.300	-5.600	0.108
-40.900	-5.700	0.023
-40.800	-5.700	0.024
-40.700	-5.700	0.024
-40.600	-5.700	0.026
-40.500	-5.700	0.027
-40.400	-5.700	0.028
-40.300	-5.700	0.030
-40.200	-5.700	0.031
-40.100	-5.700	0.032
-40.000	-5.700	0.033
-39.900	-5.700	0.034
-39.800	-5.700	0.036
-39.700	-5.700	0.036
-39.600	-5.700	0.038
-39.500	-5.700	0.041
-39.400	-5.700	0.043
-39.300	-5.700	0.045
-39.200	-5.700	0.047
-39.100	-5.700	0.049
-39.000	-5.700	0.051
-38.900	-5.700	0.053
-38.800	-5.700	0.059
-38.700	-5.700	0.064
-38.600	-5.700	0.067
-38.500	-5.700	0.077
-38.400	-5.700	0.084
-38.300	-5.700	0.091
-38.200	-5.700	0.106
-38.100	-5.700	0.113
-38.000	-5.700	0.124
-37.900	-5.700	0.128
-37.800	-5.700	0.137
-37.700	-5.700	0.137
-37.600	-5.700	0.141
-37.500	-5.700	0.137
-37.400	-5.700	0.137
-37.300	-5.700	0.128
-37.200	-5.700	0.124
-37.100	-5.700	0.114
-37.000	-5.700	0.108
-36.900	-5.700	0.095
-36.800	-5.700	0.092
-36.700	-5.700	0.089
-36.600	-5.700	0.091
-36.500	-5.700	0.093
-36.400	-5.700	0.105
-36.300	-5.700	0.111
-36.200	-5.700	0.120
-36.100	-5.700	0.125
-36.000	-5.700	0.134
-35.900	-5.700	0.133
-35.800	-5.700	0.139
-35.700	-5.700	0.133
-35.600	-5.700	0.132
-35.500	-5.700	0.122
-35.400	-5.700	0.117
-35.300	-5.700	0.104
-35.200	-5.700	0.089
-40.900	-5.800	0.022
-40.800	-5.800	0.023
-40.700	-5.800	0.023
-40.600	-5.800	0.024
-40.500	-5.800	0.026
-40.400	-5.800	0.027
-40.300	-5.800	0.029
-40.200	-5.800	0.030
-40.100	-5.800	0.031
-40.000	-5.800	0.032
-39.900	-5.800	0.033
-39.800	-5.800	0.035
-39.700	-5.800	0.035
-39.600	-5.800	0.037
-39.500	-5.800	0.038
-39.400	-5.800	0.042
-39.300	-5.800	0.044
-39.200	-5.800	0.046
-39.100	-5.800	0.048
-39.000	-5.800	0.051
-38.900	-5.800	0.054
-38.800	-5.800	0.060
-38.700	-5.800	0.064
-38.600	-5.800	0.070
-38.500	-5.800	0.081
-38.400	-5.800	0.090
-38.300	-5.800	0.105
-38.200	-5.800	0.121
-38.100	-5.800	0.128
-38.000	-5.800	0.156
-37.900	-5.800	0.147
-37.800	-5.800	0.177
-37.700	-5.800	0.168
-37.600	-5.800	0.185
-37.500	-5.800	0.168
-37.400	-5.800	0.177
-37.300	-5.800	0.146
-37.200	-5.800	0.156
-37.100	-5.800	0.129
-37.000	-5.800	0.123
-36.900	-5.800	0.110
-36.800	-5.800	0.106
-36.700	-5.800	0.094
-36.600	-5.800	0.100
-36.500	-5.800	0.094
-36.400	-5.800	0.108
-36.300	-5.800	0.111
-36.200	-5.800	0.124
-36.100	-5.800	0.125
-36.000	-5.800	0.149
-35.900	-5.800	0.134
-35.800	-5.800	0.156
-35.700	-5.800	0.133
-35.600	-5.800	0.148
-35.500	-5.800	0.122
-35.400	-5.800	0.120
-35.300	-5.800	0.104
-35.200	-5.800	0.096
-40.800	-5.900	0.022
-40.700	-5.900	0.022
-40.600	-5.900	0.023
-40.500	-5.900	0.024
-40.400	-5.900	0.025
-40.300	-5.900	0.028
-40.200	-5.900	0.029
-40.100	-5.900	0.030
-40.000	-5.900	0.031
-39.900	-5.900	0.032
-39.800	-5.900	0.034
-39.700	-5.900	0.034
-39.600	-5.900	0.036
-39.500	-5.900	0.038
-39.400	-5.900	0.041
-39.300	-5.900	0.044
-39.200	-5.900	0.046
-39.100	-5.900	0.048
-39.000	-5.900	0.051
-38.900	-5.900	0.054
-38.800	-5.900	0.061
-38.700	-5.900	0.065
-38.600	-5.900	0.076
-38.500	-5.900	0.084
-38.400	-5.900	0.095
-38.300	-5.900	0.112
-38.200	-5.900	0.127
-38.100	-5.900	0.137
-38.000	-5.900	0.161
-37.900	-5.900	0.168
-37.800	-5.900	0.182
-37.700	-5.900	0.180
-37.600	-5.900	0.189
-37.500	-5.900	0.180
-37.400	-5.900	0.182
-37.300	-5.900	0.168
-37.200	-5.900	0.163
-37.100	-5.900	0.139
-37.000	-5.900	0.130
-36.900	-5.900	0.117
-36.800	-5.900	0.109
-36.700	-5.900	0.097
-36.600	-5.900	0.094
-36.500	-5.900	0.094
-36.400	-5.900	0.102
-36.300	-5.900	0.105
-36.200	-5.900	0.113
-36.100	-5.900	0.117
-36.000	-5.900	0.124
-35.900	-5.900	0.124
-35.800	-5.900	0.128
-35.700	-5.900	0.123
-35.600	-5.900	0.122
-35.500	-5.900	0.113
-35.400	-5.900	0.108
-35.300	-5.900	0.090
-35.200	-5.900	0.083
-40.800	-6.000	0.022
-40.700	-6.000	0.022
-40.600	-6.000	0.023
-40.500	-6.000	0.024
-40.400	-6.000	0.025
-40.300	-6.000	0.026
-40.200	-6.000	0.028
-40.100	-6.000	0.029
-40.000	-6.000	0.030
-39.900	-6.000	0.032
-39.800	-6.000	0.033
-39.700	-6.000	0.034
-39.600	-6.000	0.035
-39.500	-6.000	0.037
-39.400	-6.000	0.039
-39.300	-6.000	0.043
-39.200	-6.000	0.045
-39.100	-6.000	0.048
-39.000	-6.000	0.051
-38.900	-6.000	0.057
-38.800	-6.000	0.062
-38.700	-6.000	0.067
-38.600	-6.000	0.080
-38.500	-6.000	0.090
-38.400	-6.000	0.111
-38.300	-6.000	0.123
-38.200	-6.000	0.156
-38.100	-6.000	0.162
-38.000	-6.000	0.193
-37.900	-6.000	0.190
-37.800	-6.000	0.219
-37.700	-6.000	0.204
-37.600	-6.000	0.244
-37.500	-6.000	0.205
-37.400	-6.000	0.218
-37.300	-6.000	0.190
-37.200	-6.000	0.193
-37.100	-6.000	0.164
-37.000	-6.000	0.159
-36.900	-6.000	0.127
-36.800	-6.000	0.119
-36.700	-6.000	0.106
-36.600	-6.000	0.103
-36.500	-6.000	0.094
-36.400	-6.000	0.102
-36.300	-6.000	0.103
-36.200	-6.000	0.112
-36.100	-6.000	0.113
-36.000	-6.000	0.122
-35.900	-6.000	0.119
-35.800	-6.000	0.126
-35.700	-6.000	0.118
-35.600	-6.000	0.120
-35.500	-6.000	0.108
-35.400	-6.000	0.105
-35.300	-6.000	0.086
-35.200	-6.000	0.079
-40.800	-6.100	0.021
-40.700	-6.100	0.021
-40.600	-6.100	0.022
-40.500	-6.100	0.023
-40.400	-6.100	0.024
-40.300	-6.100	0.025
-40.200	-6.100	0.026
-40.100	-6.100	0.029
-40.000	-6.100	0.029
-39.900	-6.100	0.031
-39.800	-6.100	0.032
-39.700	-6.100	0.034
-39.600	-6.100	0.035
-39.500	-6.100	0.036
-39.400	-6.100	0.038
-39.300	-6.100	0.043
-39.200	-6.100	0.045
-39.100	-6.100	0.048
-39.000	-6.100	0.051
-38.900	-6.100	0.058
-38.800	-6.100	0.063
-38.700	-6.100	0.069
-38.600	-6.100	0.082
-38.500	-6.100	0.093
-38.400	-6.100	0.114
-38.300	-6.100	0.128
-38.200	-6.100	0.146
-38.100	-6.100	0.167
-38.000	-6.100	0.190
-37.900	-6.100	0.195
-37.800	-6.100	0.212
-37.700	-6.100	0.210
-37.600	-6.100	0.221
-37.500	-6.100	0.210
-37.400	-6.100	0.213
-37.300	-6.100	0.196
-37.200	-6.100	0.190
-37.100	-6.100	0.168
-37.000	-6.100	0.148
-36.900	-6.100	0.131
-36.800	-6.100	0.120
-36.700	-6.100	0.107
-36.600	-6.100	0.096
-36.500	-6.100	0.092
-36.400	-6.100	0.091
-36.300	-6.100	0.092
-36.200	-6.100	0.094
-36.100	-6.100	0.102
-36.000	-6.100	0.107
-35.900	-6.100	0.106
-35.800	-6.100	0.109
-35.700	-6.100	0.106
-35.600	-6.100	0.104
-35.500	-6.100	0.091
-35.400	-6.100	0.086
-35.300	-6.100	0.078
-35.200	-6.100	0.073
-35.100	-6.100	0.060
-40.800	-6.200	0.021
-40.700	-6.200	0.020
-40.600	-6.200	0.021
-40.500	-6.200	0.022
-40.400	-6.200	0.023
-40.300	-6.200	0.024
-40.200	-6.200	0.025
-40.100	-6.200	0.028
-40.000	-6.200	0.029
-39.900	-6.200	0.030
-39.800	-6.200	0.032
-39.700	-6.200	0.033
-39.600	-6.200	0.034
-39.500	-6.200	0.036
-39.400	-6.200	0.038
-39.300	-6.200	0.042
-39.200	-6.200	0.045
-39.100	-6.200	0.047
-39.000	-6.200	0.051
-38.900	-6.200	0.058
-38.800	-6.200	0.063
-38.700	-6.200	0.075
-38.600	-6.200	0.086
-38.500	-6.200	0.103
-38.400	-6.200	0.123
-38.300	-6.200	0.136
-38.200	-6.200	0.177
-38.100	-6.200	0.183
-38.000	-6.200	0.219
-37.900	-6.200	0.213
-37.800	-6.200	0.267
-37.700	-6.200	0.229
-37.600	-6.200	0.279
-37.500	-6.200	0.229
-37.400	-6.200	0.266
-37.300	-6.200	0.214
-37.200	-6.200	0.219
-37.100	-6.200	0.184
-37.000	-6.200	0.179
-36.900	-6.200	0.139
-36.800	-6.200	0.130
-36.700	-6.200	0.112
-36.600	-6.200	0.104
-36.500	-6.200	0.091
-36.400	-6.200	0.089
-36.300	-6.200	0.087
-36.200	-6.200	0.089
-36.100	-6.200	0.090
-36.000	-6.200	0.100
-35.900	-6.200	0.098
-35.800	-6.200	0.103
-35.700	-6.200	0.090
-35.600	-6.200	0.097
-35.500	-6.200	0.084
-35.400	-6.200	0.079
-35.300	-6.200	0.073
-35.200	-6.200	0.067
-35.100	-6.200	0.057
-40.700	-6.300	0.020
-40.600	-6.300	0.021
-40.500	-6.300	0.022
-40.400	-6.300	0.023
-40.300	-6.300	0.024
-40.200	-6.300	0.025
-40.100	-6.300	0.026
-40.000	-6.300	0.028
-39.900	-6.300	0.029
-39.800	-6.300	0.031
-39.700	-6.300	0.033
-39.600	-6.300	0.034
-39.500	-6.300	0.035
-39.400	-6.300	0.037
-39.300	-6.300	0.041
-39.200	-6.300	0.044
-39.100	-6.300	0.047
-39.000	-6.300	0.050
-38.900	-6.300	0.057
-38.800	-6.300	0.063
-38.700	-6.300	0.075
-38.600	-6.300	0.086
-38.500	-6.300	0.098
-38.400	-6.300	0.122
-38.300	-6.300	0.136
-38.200	-6.300	0.168
-38.100	-6.300	0.181
-38.000	-6.300	0.205
-37.900	-6.300	0.210
-37.800	-6.300	0.229
-37.700	-6.300	0.226
-37.600	-6.300	0.237
-37.500	-6.300	0.226
-37.400	-6.300	0.229
-37.300	-6.300	0.211
-37.200	-6.300	0.205
-37.100	-6.300	0.181
-37.000	-6.300	0.169
-36.900	-6.300	0.139
-36.800	-6.300	0.126
-36.700	-6.300	0.110
-36.600	-6.300	0.095
-36.500	-6.300	0.088
-36.400	-6.300	0.085
-36.300	-6.300	0.082
-36.200	-6.300	0.082
-36.100	-6.300	0.082
-36.000	-6.300	0.083
-35.900	-6.300	0.083
-35.800	-6.300	0.083
-35.700	-6.300	0.081
-35.600	-6.300	0.079
-35.500	-6.300	0.074
-35.400	-6.300	0.071
-35.300	-6.300	0.062
-35.200	-6.300	0.058
-35.100	-6.300	0.053
-40.800	-6.400	0.019
-40.700	-6.400	0.019
-40.600	-6.400	0.020
-40.500	-6.400	0.021
-40.400	-6.400	0.022
-40.300	-6.400	0.023
-40.200	-6.400	0.024
-40.100	-6.400	0.025
-40.000	-6.400	0.028
-39.900	-6.400	0.029
-39.800	-6.400	0.030
-39.700	-6.400	0.032
-39.600	-6.400	0.034
-39.500	-6.400	0.035
-39.400	-6.400	0.037
-39.300	-6.400	0.041
-39.200	-6.400	0.044
-39.100	-6.400	0.047
-39.000	-6.400	0.050
-38.900	-6.400	0.058
-38.800	-6.400	0.064
-38.700	-6.400	0.076
-38.600	-6.400	0.087
-38.500	-6.400	0.106
-38.400	-6.400	0.128
-38.300	-6.400	0.141
-38.200	-6.400	0.185
-38.100	-6.400	0.190
-38.000	-6.400	0.244
-37.900	-6.400	0.221
-37.800	-6.400	0.278
-37.700	-6.400	0.238
-37.600	-6.400	0.290
-37.500	-6.400	0.238
-37.400	-6.400	0.279
-37.300	-6.400	0.222
-37.200	-6.400	0.243
-37.100	-6.400	0.190
-37.000	-6.400	0.186
-36.900	-6.400	0.143
-36.800	-6.400	0.132
-36.700	-6.400	0.111
-36.600	-6.400	0.101
-36.500	-6.400	0.087
-36.400	-6.400	0.082
-36.300	-6.400	0.078
-36.200	-6.400	0.077
-36.100	-6.400	0.076
-36.000	-6.400	0.076
-35.900	-6.400	0.075
-35.800	-6.400	0.076
-35.700	-6.400	0.072
-35.600	-6.400	0.072
-35.500	-6.400	0.067
-35.400	-6.400	0.060
-35.300	-6.400	0.057
-35.200	-6.400	0.052
-35.100	-6.400	0.048
-35.000	-6.400	0.042
-40.700	-6.500	0.020
-40.600	-6.500	0.020
-40.500	-6.500	0.021
-40.400	-6.500	0.021
-40.300	-6.500	0.023
-40.200	-6.500	0.024
-40.100	-6.500	0.025
-40.000	-6.500	0.026
-39.900	-6.500	0.028
-39.800	-6.500	0.030
-39.700	-6.500	0.031
-39.600	-6.500	0.033
-39.500	-6.500	0.035
-39.400	-6.500	0.036
-39.300	-6.500	0.040
-39.200	-6.500	0.043
-39.100	-6.500	0.046
-39.000	-6.500	0.049
-38.900	-6.500	0.057
-38.800	-6.500	0.063
-38.700	-6.500	0.075
-38.600	-6.500	0.085
-38.500	-6.500	0.097
-38.400	-6.500	0.122
-38.300	-6.500	0.137
-38.200	-6.500	0.167
-38.100	-6.500	0.180
-38.000	-6.500	0.205
-37.900	-6.500	0.210
-37.800	-6.500	0.229
-37.700	-6.500	0.226
-37.600	-6.500	0.237
-37.500	-6.500	0.226
-37.400	-6.500	0.229
-37.300	-6.500	0.210
-37.200	-6.500	0.204
-37.100	-6.500	0.182
-37.000	-6.500	0.168
-36.900	-6.500	0.138
-36.800	-6.500	0.124
-36.700	-6.500	0.107
-36.600	-6.500	0.092
-36.500	-6.500	0.083
-36.400	-6.500	0.077
-36.300	-6.500	0.069
-36.200	-6.500	0.068
-36.100	-6.500	0.066
-36.000	-6.500	0.065
-35.900	-6.500	0.064
-35.800	-6.500	0.063
-35.700	-6.500	0.062
-35.600	-6.500	0.060
-35.500	-6.500	0.057
-35.400	-6.500	0.054
-35.300	-6.500	0.051
-35.200	-6.500	0.045
-35.100	-6.500	0.043
-35.000	-6.500	0.040
-40.700	-6.600	0.019
-40.600	-6.600	0.019
-40.500	-6.600	0.020
-40.400	-6.600	0.021
-40.300	-6.600	0.022
-40.200	-6.600	0.023
-40.100	-6.600	0.024
-40.000	-6.600	0.025
-39.900	-6.600	0.028
-39.800	-6.600	0.030
-39.700	-6.600	0.031
-39.600	-6.600	0.032
-39.500	-6.600	0.034
-39.400	-6.600	0.036
-39.300	-6.600	0.040
-39.200	-6.600	0.042
-39.100	-6.600	0.045
-39.000	-6.600	0.049
-38.900	-6.600	0.056
-38.800	-6.600	0.062
-38.700	-6.600	0.073
-38.600	-6.600	0.085
-38.500	-6.600	0.103
-38.400	-6.600	0.123
-38.300	-6.600	0.136
-38.200	-6.600	0.177
-38.100	-6.600	0.182
-38.000	-6.600	0.218
-37.900	-6.600	0.213
-37.800	-6.600	0.266
-37.700	-6.600	0.230
-37.600	-6.600	0.278
-37.500	-6.600	0.230
-37.400	-6.600	0.267
-37.300	-6.600	0.213
-37.200	-6.600	0.219
-37.100	-6.600	0.183
-37.000	-6.600	0.178
-36.900	-6.600	0.137
-36.800	-6.600	0.125
-36.700	-6.600	0.106
-36.600	-6.600	0.090
-36.500	-6.600	0.081
-36.400	-6.600	0.075
-36.300	-6.600	0.066
-36.200	-6.600	0.064
-36.100	-6.600	0.062
-36.000	-6.600	0.060
-35.900	-6.600	0.059
-35.800	-6.600	0.058
-35.700	-6.600	0.056
-35.600	-6.600	0.054
-35.500	-6.600	0.052
-35.400	-6.600	0.050
-35.300	-6.600	0.045
-35.200	-6.600	0.043
-35.100	-6.600	0.040
-35.000	-6.600	0.038
-40.600	-6.700	0.019
-40.500	-6.700	0.020
-40.400	-6.700	0.020
-40.300	-6.700	0.021
-40.200	-6.700	0.023
-40.100	-6.700	0.024
-40.000	-6.700	0.025
-39.900	-6.700	0.026
-39.800	-6.700	0.029
-39.700	-6.700	0.031
-39.600	-6.700	0.032
-39.500	-6.700	0.034
-39.400	-6.700	0.036
-39.300	-6.700	0.037
-39.200	-6.700	0.041
-39.100	-6.700	0.045
-39.000	-6.700	0.048
-38.900	-6.700	0.055
-38.800	-6.700	0.061
-38.700	-6.700	0.067
-38.600	-6.700	0.081
-38.500	-6.700	0.092
-38.400	-6.700	0.113
-38.300	-6.700	0.127
-38.200	-6.700	0.146
-38.100	-6.700	0.167
-38.000	-6.700	0.189
-37.900	-6.700	0.194
-37.800	-6.700	0.212
-37.700	-6.700	0.209
-37.600	-6.700	0.220
-37.500	-6.700	0.210
-37.400	-6.700	0.212
-37.300	-6.700	0.195
-37.200	-6.700	0.189
-37.100	-6.700	0.167
-37.000	-6.700	0.146
-36.900	-6.700	0.128
-36.800	-6.700	0.115
-36.700	-6.700	0.094
-36.600	-6.700	0.085
-36.500	-6.700	0.077
-36.400	-6.700	0.067
-36.300	-6.700	0.063
-36.200	-6.700	0.060
-36.100	-6.700	0.058
-36.000	-6.700	0.056
-35.900	-6.700	0.055
-35.800	-6.700	0.054
-35.700	-6.700	0.049
-35.600	-6.700	0.047
-35.500	-6.700	0.046
-35.400	-6.700	0.044
-35.300	-6.700	0.042
-35.200	-6.700	0.040
-35.100	-6.700	0.038
-35.000	-6.700	0.036
-40.400	-6.800	0.020
-40.300	-6.800	0.021
-40.200	-6.800	0.022
-40.100	-6.800	0.023
-40.000	-6.800	0.024
-39.900	-6.800	0.026
-39.800	-6.800	0.028
-39.700	-6.800	0.030
-39.600	-6.800	0.031
-39.500	-6.800	0.033
-39.400	-6.800	0.035
-39.300	-6.800	0.037
-39.200	-6.800	0.041
-39.100	-6.800	0.044
-39.000	-6.800	0.047
-38.900	-6.800	0.051
-38.800	-6.800	0.059
-38.700	-6.800	0.065
-38.600	-6.800	0.078
-38.500	-6.800	0.088
-38.400	-6.800	0.110
-38.300	-6.800	0.121
-38.200	-6.800	0.154
-38.100	-6.800	0.161
-38.000	-6.800	0.192
-37.900	-6.800	0.189
-37.800	-6.800	0.218
-37.700	-6.800	0.204
-37.600	-6.800	0.243
-37.500	-6.800	0.205
-37.400	-6.800	0.218
-37.300	-6.800	0.189
-37.200	-6.800	0.193
-37.100	-6.800	0.161
-37.000	-6.800	0.155
-36.900	-6.800	0.123
-36.800	-6.800	0.111
-36.700	-6.800	0.090
-36.600	-6.800	0.081
-36.500	-6.800	0.069
-36.400	-6.800	0.065
-36.300	-6.800	0.060
-36.200	-6.800	0.057
-36.100	-6.800	0.052
-36.000	-6.800	0.050
-35.900	-6.800	0.049
-35.800	-6.800	0.047
-35.700	-6.800	0.046
-35.600	-6.800	0.044
-35.500	-6.800	0.043
-35.400	-6.800	0.041
-35.300	-6.800	0.039
-35.200	-6.800	0.037
-35.100	-6.800	0.034
-35.000	-6.800	0.033
-40.400	-6.900	0.020
-40.300	-6.900	0.020
-40.200	-6.900	0.021
-40.100	-6.900	0.023
-40.000	-6.900	0.024
-39.900	-6.900	0.025
-39.800	-6.900	0.028
-39.700	-6.900	0.029
-39.600	-6.900	0.031
-39.500	-6.900	0.032
-39.400	-6.900	0.034
-39.300	-6.900	0.036
-39.200	-6.900	0.040
-39.100	-6.900	0.043
-39.000	-6.900	0.046
-38.900	-6.900	0.049
-38.800	-6.900	0.056
-38.700	-6.900	0.062
-38.600	-6.900	0.069
-38.500	-6.900	0.082
-38.400	-6.900	0.093
-38.300	-6.900	0.110
-38.200	-6.900	0.126
-38.100	-6.900	0.136
-38.000	-6.900	0.161
-37.900	-6.900	0.167
-37.800	-6.900	0.181
-37.700	-6.900	0.180
-37.600	-6.900	0.188
-37.500	-6.900	0.180
-37.400	-6.900	0.181
-37.300	-6.900	0.167
-37.200	-6.900	0.160
-37.100	-6.900	0.136
-37.000	-6.900	0.127
-36.900	-6.900	0.111
-36.800	-6.900	0.094
-36.700	-6.900	0.084
-36.600	-6.900	0.075
-36.500	-6.900	0.066
-36.400	-6.900	0.061
-36.300	-6.900	0.058
-36.200	-6.900	0.052
-36.100	-6.900	0.050
-36.000	-6.900	0.047
-35.900	-6.900	0.047
-35.800	-6.900	0.045
-35.700	-6.900	0.043
-35.600	-6.900	0.041
-35.500	-6.900	0.041
-35.400	-6.900	0.039
-35.300	-6.900	0.035
-35.200	-6.900	0.034
-35.100	-6.900	0.033
-35.000	-6.900	0.031
-34.900	-6.900	0.030
-40.400	-7.000	0.019
-40.300	-7.000	0.020
-40.200	-7.000	0.021
-40.100	-7.000	0.022
-40.000	-7.000	0.023
-39.900	-7.000	0.024
-39.800	-7.000	0.026
-39.700	-7.000	0.028
-39.600	-7.000	0.030
-39.500	-7.000	0.032
-39.400	-7.000	0.033
-39.300	-7.000	0.035
-39.200	-7.000	0.038
-39.100	-7.000	0.042
-39.000	-7.000	0.045
-38.900	-7.000	0.048
-38.800	-7.000	0.054
-38.700	-7.000	0.059
-38.600	-7.000	0.065
-38.500	-7.000	0.076
-38.400	-7.000	0.087
-38.300	-7.000	0.096
-38.200	-7.000	0.118
-38.100	-7.000	0.126
-38.000	-7.000	0.154
-37.900	-7.000	0.145
-37.800	-7.000	0.176
-37.700	-7.000	0.167
-37.600	-7.000	0.184
-37.500	-7.000	0.168
-37.400	-7.000	0.176
-37.300	-7.000	0.146
-37.200	-7.000	0.154
-37.100	-7.000	0.126
-37.000	-7.000	0.119
-36.900	-7.000	0.097
-36.800	-7.000	0.088
-36.700	-7.000	0.078
-36.600	-7.000	0.068
-36.500	-7.000	0.063
-36.400	-7.000	0.058
-36.300	-7.000	0.052
-36.200	-7.000	0.050
-36.100	-7.000	0.047
-36.000	-7.000	0.045
-35.900	-7.000	0.044
-35.800	-7.000	0.043
-35.700	-7.000	0.041
-35.600	-7.000	0.039
-35.500	-7.000	0.036
-35.400	-7.000	0.035
-35.300	-7.000	0.034
-35.200	-7.000	0.032
-35.100	-7.000	0.032
-35.000	-7.000	0.030
-34.900	-7.000	0.029
-40.400	-7.100	0.020
-40.300	-7.100	0.019
-40.200	-7.100	0.020
-40.100	-7.100	0.021
-40.000	-7.100	0.023
-39.900	-7.100	0.024
-39.800	-7.100	0.025
-39.700	-7.100	0.028
-39.600	-7.100	0.029
-39.500	-7.100	0.031
-39.400	-7.100	0.033
-39.300	-7.100	0.034
-39.200	-7.100	0.037
-39.100	-7.100	0.041
-39.000	-7.100	0.043
-38.900	-7.100	0.046
-38.800	-7.100	0.049
-38.700	-7.100	0.055
-38.600	-7.100	0.061
-38.500	-7.100	0.067
-38.400	-7.100	0.078
-38.300	-7.100	0.087
-38.200	-7.100	0.095
-38.100	-7.100	0.110
-38.000	-7.100	0.121
-37.900	-7.100	0.127
-37.800	-7.100	0.135
-37.700	-7.100	0.136
-37.600	-7.100	0.140
-37.500	-7.100	0.136
-37.400	-7.100	0.135
-37.300	-7.100	0.126
-37.200	-7.100	0.121
-37.100	-7.100	0.110
-37.000	-7.100	0.096
-36.900	-7.100	0.087
-36.800	-7.100	0.079
-36.700	-7.100	0.068
-36.600	-7.100	0.063
-36.500	-7.100	0.058
-36.400	-7.100	0.052
-36.300	-7.100	0.050
-36.200	-7.100	0.047
-36.100	-7.100	0.045
-36.000	-7.100	0.043
-35.900	-7.100	0.041
-35.800	-7.100	0.040
-35.700	-7.100	0.037
-35.600	-7.100	0.036
-35.500	-7.100	0.035
-35.400	-7.100	0.034
-35.300	-7.100	0.032
-35.200	-7.100	0.031
-35.100	-7.100	0.030
-35.000	-7.100	0.029
-34.900	-7.100	0.028
-40.500	-7.200	0.017
-40.400	-7.200	0.019
-40.300	-7.200	0.020
-40.200	-7.200	0.020
-40.100	-7.200	0.021
-40.000	-7.200	0.022
-39.900	-7.200	0.023
-39.800	-7.200	0.024
-39.700	-7.200	0.027
-39.600	-7.200	0.028
-39.500	-7.200	0.030
-39.400	-7.200	0.032
-39.300	-7.200	0.034
-39.200	-7.200	0.035
-39.100	-7.200	0.037
-39.000	-7.200	0.042
-38.900	-7.200	0.044
-38.800	-7.200	0.047
-38.700	-7.200	0.050
-38.600	-7.200	0.057
-38.500	-7.200	0.062
-38.400	-7.200	0.072
-38.300	-7.200	0.078
-38.200	-7.200	0.086
-38.100	-7.200	0.093
-38.000	-7.200	0.109
-37.900	-7.200	0.112
-37.800	-7.200	0.123
-37.700	-7.200	0.121
-37.600	-7.200	0.127
-37.500	-7.200	0.121
-37.400	-7.200	0.122
-37.300	-7.200	0.113
-37.200	-7.200	0.109
-37.100	-7.200	0.093
-37.000	-7.200	0.087
-36.900	-7.200	0.079
-36.800	-7.200	0.073
-36.700	-7.200	0.064
-36.600	-7.200	0.060
-36.500	-7.200	0.055
-36.400	-7.200	0.050
-36.300	-7.200	0.047
-36.200	-7.200	0.045
-36.100	-7.200	0.043
-36.000	-7.200	0.041
-35.900	-7.200	0.040
-35.800	-7.200	0.037
-35.700	-7.200	0.036
-35.600	-7.200	0.034
-35.500	-7.200	0.033
-35.400	-7.200	0.032
-35.300	-7.200	0.031
-35.200	-7.200	0.029
-35.100	-7.200	0.028
-35.000	-7.200	0.027
-34.900	-7.200	0.027
-34.800	-7.200	0.024
-40.500	-7.300	0.017
-40.400	-7.300	0.019
-40.300	-7.300	0.019
-40.200	-7.300	0.020
-40.100	-7.300	0.020
-40.000	-7.300	0.021
-39.900	-7.300	0.022
-39.800	-7.300	0.024
-39.700	-7.300	0.025
-39.600	-7.300	0.028
-39.500	-7.300	0.029
-39.400	-7.300	0.031
-39.300	-7.300	0.033
-39.200	-7.300	0.034
-39.100	-7.300	0.036
-39.000	-7.300	0.040
-38.900	-7.300	0.042
-38.800	-7.300	0.045
-38.700	-7.300	0.048
-38.600	-7.300	0.051
-38.500	-7.300	0.058
-38.400	-7.300	0.061
-38.300	-7.300	0.067
-38.200	-7.300	0.076
-38.100	-7.300	0.081
-38.000	-7.300	0.087
-37.900	-7.300	0.091
-37.800	-7.300	0.095
-37.700	-7.300	0.096
-37.600	-7.300	0.105
-37.500	-7.300	0.096
-37.400	-7.300	0.095
-37.100	-7.300	0.081
-37.000	-7.300	0.077
-36.900	-7.300	0.068
-36.800	-7.300	0.063
-36.700	-7.300	0.059
-36.600	-7.300	0.055
-36.500	-7.300	0.049
-36.400	-7.300	0.047
-36.300	-7.300	0.045
-36.200	-7.300	0.043
-36.100	-7.300	0.041
-36.000	-7.300	0.038
-35.900	-7.300	0.036
-35.800	-7.300	0.036
-35.700	-7.300	0.034
-35.600	-7.300	0.033
-35.500	-7.300	0.032
-35.400	-7.300	0.031
-35.300	-7.300	0.029
-35.200	-7.300	0.028
-35.100	-7.300	0.027
-35.000	-7.300	0.026
-34.900	-7.300	0.023
-34.800	-7.300	0.023
-39.600	-7.400	0.027
-39.500	-7.400	0.028
-39.400	-7.400	0.030
-39.300	-7.400	0.031
-39.200	-7.400	0.033
-39.100	-7.400	0.035
-39.000	-7.400	0.037
-38.900	-7.400	0.041
-38.800	-7.400	0.043
-38.700	-7.400	0.045
-38.600	-7.400	0.048
-38.500	-7.400	0.050
-38.400	-7.400	0.057
-38.300	-7.400	0.060
-38.200	-7.400	0.065
-38.100	-7.400	0.068
-38.000	-7.400	0.077
-37.900	-7.400	0.080
-37.800	-7.400	0.084
-37.700	-7.400	0.085
-37.600	-7.400	0.086
-37.500	-7.400	0.085
-37.000	-7.400	0.066
-36.900	-7.400	0.062
-36.800	-7.400	0.058
-36.700	-7.400	0.054
-36.600	-7.400	0.049
-36.500	-7.400	0.047
-36.400	-7.400	0.045
-36.300	-7.400	0.043
-36.200	-7.400	0.041
-36.100	-7.400	0.037
-36.000	-7.400	0.036
-35.900	-7.400	0.035
-35.800	-7.400	0.034
-35.700	-7.400	0.033
-35.600	-7.400	0.032
-35.500	-7.400	0.030
-35.400	-7.400	0.029
-35.100	-7.400	0.025
-35.000	-7.400	0.024
-34.900	-7.400	0.023
-39.400	-7.500	0.029
-39.300	-7.500	0.030
-39.200	-7.500	0.032
-39.100	-7.500	0.034
-39.000	-7.500	0.035
-38.900	-7.500	0.037
-38.800	-7.500	0.041
-38.700	-7.500	0.043
-38.600	-7.500	0.045
-38.500	-7.500	0.047
-38.400	-7.500	0.050
-38.300	-7.500	0.056
-38.200	-7.500	0.059
-38.100	-7.500	0.061
-38.000	-7.500	0.064
-37.900	-7.500	0.066
-37.800	-7.500	0.068
-37.700	-7.500	0.073
-37.600	-7.500	0.074
-37.000	-7.500	0.060
-36.900	-7.500	0.056
-36.800	-7.500	0.051
-36.700	-7.500	0.049
-36.600	-7.500	0.047
-36.500	-7.500	0.044
-36.400	-7.500	0.042
-36.300	-7.500	0.041
-36.200	-7.500	0.037
-36.100	-7.500	0.036
-36.000	-7.500	0.035
-35.900	-7.500	0.034
-35.800	-7.500	0.032
-35.700	-7.500	0.032
-35.600	-7.500	0.030
-34.900	-7.500	0.023
-39.400	-7.600	0.028
-39.300	-7.600	0.029
-39.200	-7.600	0.031
-39.100	-7.600	0.032
-39.000	-7.600	0.034
-38.900	-7.600	0.035
-38.800	-7.600	0.037
-38.700	-7.600	0.041
-38.600	-7.600	0.043
-38.500	-7.600	0.044
-38.400	-7.600	0.046
-38.300	-7.600	0.048
-38.200	-7.600	0.050
-38.100	-7.600	0.056
-38.000	-7.600	0.058
-37.900	-7.600	0.059
-37.800	-7.600	0.061
-37.100	-7.600	0.056
-37.000	-7.600	0.054
-36.900	-7.600	0.050
-36.800	-7.600	0.048
-36.700	-7.600	0.046
-36.600	-7.600	0.044
-36.500	-7.600	0.042
-36.400	-7.600	0.040
-36.300	-7.600	0.037
-36.200	-7.600	0.036
-36.100	-7.600	0.035
-36.000	-7.600	0.033
-35.900	-7.600	0.033
-35.800	-7.600	0.031
-35.700	-7.600	0.030
-35.600	-7.600	0.029
-39.100	-7.700	0.031
-39.000	-7.700	0.032
-38.900	-7.700	0.034
-38.600	-7.700	0.040
-38.500	-7.700	0.042
-38.400	-7.700	0.044
-38.300	-7.700	0.045
-38.200	-7.700	0.047
-38.100	-7.700	0.048
-38.000	-7.700	0.050
-37.100	-7.700	0.049
-37.000	-7.700	0.048
-36.900	-7.700	0.046
-36.800	-7.700	0.045
-36.700	-7.700	0.043
-36.600	-7.700	0.041
-36.500	-7.700	0.039
-36.400	-7.700	0.037
-36.300	-7.700	0.036
-36.200	-7.700	0.034
-36.100	-7.700	0.033
-36.000	-7.700	0.032
-35.900	-7.700	0.031
-35.800	-7.700	0.030
-35.700	-7.700	0.029
-39.000	-7.800	0.031
-38.200	-7.800	0.044
-38.100	-7.800	0.045
-37.100	-7.800	0.045
-37.000	-7.800	0.044
-36.900	-7.800	0.043
-36.800	-7.800	0.042
-36.700	-7.800	0.040
-36.600	-7.800	0.038
-36.500	-7.800	0.036
-36.400	-7.800	0.035
-36.300	-7.800	0.034
-36.000	-7.800	0.031
-37.200	-7.900	0.043
-37.100	-7.900	0.042
-37.000	-7.900	0.041
-36.900	-7.900	0.040
-36.800	-7.900	0.038
-36.700	-7.900	0.037
-36.600	-7.900	0.035
-36.500	-7.900	0.034
-37.100	-8.000	0.040
-37.000	-8.000	0.037
-36.900	-8.000	0.036
-36.800	-8.000	0.035
-36.700	-8.000	0.034
-37.100	-8.100	0.035
-37.000	-8.100	0.034
-36.900	-8.100	0.034
-36.800	-8.100	0.034
-36.700	-8.100	0.033
-37.100	-8.200	0.033
-37.000	-8.200	0.033
-36.900	-8.200	0.032
