-40.500	-2.800	0.081
-41.200	-2.900	0.066
-41.100	-2.900	0.069
-41.000	-2.900	0.071
-40.900	-2.900	0.074
-40.800	-2.900	0.077
-40.700	-2.900	0.079
-40.600	-2.900	0.081
-40.500	-2.900	0.100
-40.400	-2.900	0.103
-40.300	-2.900	0.106
-40.200	-2.900	0.109
-40.100	-2.900	0.112
-40.000	-2.900	0.114
-39.900	-2.900	0.115
-41.200	-3.000	0.068
-41.100	-3.000	0.071
-41.000	-3.000	0.074
-40.900	-3.000	0.076
-40.800	-3.000	0.079
-40.700	-3.000	0.082
-40.600	-3.000	0.101
-40.500	-3.000	0.105
-40.400	-3.000	0.109
-40.300	-3.000	0.114
-40.200	-3.000	0.142
-40.100	-3.000	0.146
-40.000	-3.000	0.150
-39.900	-3.000	0.151
-39.800	-3.000	0.153
-39.700	-3.000	0.152
-41.200	-3.100	0.070
-41.100	-3.100	0.073
-41.000	-3.100	0.076
-40.900	-3.100	0.079
-40.800	-3.100	0.082
-40.700	-3.100	0.101
-40.600	-3.100	0.106
-40.500	-3.100	0.111
-40.400	-3.100	0.116
-40.300	-3.100	0.147
-40.200	-3.100	0.153
-40.100	-3.100	0.158
-40.000	-3.100	0.162
-39.900	-3.100	0.164
-39.800	-3.100	0.166
-39.700	-3.100	0.165
-39.600	-3.100	0.163
-41.300	-3.200	0.069
-41.200	-3.200	0.072
-41.100	-3.200	0.075
-41.000	-3.200	0.078
-40.900	-3.200	0.081
-40.800	-3.200	0.101
-40.700	-3.200	0.107
-40.600	-3.200	0.112
-40.500	-3.200	0.143
-40.400	-3.200	0.152
-40.300	-3.200	0.159
-40.200	-3.200	0.166
-40.100	-3.200	0.210
-40.000	-3.200	0.220
-39.900	-3.200	0.219
-39.800	-3.200	0.226
-39.700	-3.200	0.219
-39.600	-3.200	0.221
-39.500	-3.200	0.212
-39.400	-3.200	0.209
-41.300	-3.300	0.070
-41.200	-3.300	0.073
-41.100	-3.300	0.077
-41.000	-3.300	0.081
-40.900	-3.300	0.099
-40.800	-3.300	0.105
-40.700	-3.300	0.111
-40.600	-3.300	0.143
-40.500	-3.300	0.152
-40.400	-3.300	0.162
-40.300	-3.300	0.169
-40.200	-3.300	0.219
-40.100	-3.300	0.225
-40.000	-3.300	0.234
-39.900	-3.300	0.236
-39.800	-3.300	0.240
-39.700	-3.300	0.235
-39.600	-3.300	0.236
-39.500	-3.300	0.228
-39.400	-3.300	0.223
-39.300	-3.300	0.212
-39.200	-3.300	0.170
-41.300	-3.400	0.072
-41.200	-3.400	0.075
-41.100	-3.400	0.078
-41.000	-3.400	0.082
-40.900	-3.400	0.103
-40.800	-3.400	0.110
-40.700	-3.400	0.116
-40.600	-3.400	0.152
-40.500	-3.400	0.162
-40.400	-3.400	0.215
-40.300	-3.400	0.223
-40.200	-3.400	0.241
-40.100	-3.400	0.244
-40.000	-3.400	0.324
-39.900	-3.400	0.255
-39.800	-3.400	0.332
-39.700	-3.400	0.255
-39.600	-3.400	0.326
-39.500	-3.400	0.246
-39.400	-3.400	0.245
-39.300	-3.400	0.230
-39.200	-3.400	0.225
-39.100	-3.400	0.212
-41.300	-3.500	0.072
-41.200	-3.500	0.076
-41.100	-3.500	0.080
-41.000	-3.500	0.099
-40.900	-3.500	0.106
-40.800	-3.500	0.113
-40.700	-3.500	0.147
-40.600	-3.500	0.159
-40.500	-3.500	0.170
-40.400	-3.500	0.224
-40.300	-3.500	0.234
-40.200	-3.500	0.249
-40.100	-3.500	0.256
-40.000	-3.500	0.331
-39.900	-3.500	0.328
-39.800	-3.500	0.339
-39.700	-3.500	0.328
-39.600	-3.500	0.332
-39.500	-3.500	0.259
-39.400	-3.500	0.254
-39.300	-3.500	0.243
-39.200	-3.500	0.235
-39.100	-3.500	0.224
-39.000	-3.500	0.219
-41.300	-3.600	0.074
-41.200	-3.600	0.078
-41.100	-3.600	0.081
-41.000	-3.600	0.102
-40.900	-3.600	0.109
-40.800	-3.600	0.142
-40.700	-3.600	0.153
-40.600	-3.600	0.166
-40.500	-3.600	0.219
-40.400	-3.600	0.240
-40.300	-3.600	0.250
-40.200	-3.600	0.341
-40.100	-3.600	0.339
-40.000	-3.600	0.367
-39.900	-3.600	0.355
-39.800	-3.600	0.376
-39.700	-3.600	0.356
-39.600	-3.600	0.369
-39.500	-3.600	0.342
-39.400	-3.600	0.347
-39.300	-3.600	0.317
-39.200	-3.600	0.316
-39.100	-3.600	0.240
-39.000	-3.600	0.237
-38.900	-3.600	0.228
-38.800	-3.600	0.230
-41.200	-3.700	0.078
-41.100	-3.700	0.097
-41.000	-3.700	0.103
-40.900	-3.700	0.111
-40.800	-3.700	0.146
-40.700	-3.700	0.157
-40.600	-3.700	0.209
-40.500	-3.700	0.224
-40.400	-3.700	0.244
-40.300	-3.700	0.256
-40.200	-3.700	0.338
-40.100	-3.700	0.344
-40.000	-3.700	0.363
-39.900	-3.700	0.361
-39.800	-3.700	0.372
-39.700	-3.700	0.361
-39.600	-3.700	0.365
-39.500	-3.700	0.347
-39.400	-3.700	0.345
-39.300	-3.700	0.324
-39.200	-3.700	0.318
-39.100	-3.700	0.249
-39.000	-3.700	0.245
-38.900	-3.700	0.240
-38.800	-3.700	0.241
-38.700	-3.700	0.239
-38.600	-3.700	0.243
-41.200	-3.800	0.079
-41.100	-3.800	0.099
-41.000	-3.800	0.105
-40.900	-3.800	0.113
-40.800	-3.800	0.150
-40.700	-3.800	0.162
-40.600	-3.800	0.220
-40.500	-3.800	0.234
-40.400	-3.800	0.325
-40.300	-3.800	0.331
-40.200	-3.800	0.367
-40.100	-3.800	0.363
-40.000	-3.800	0.492
-39.900	-3.800	0.381
-39.800	-3.800	0.505
-39.700	-3.800	0.382
-39.600	-3.800	0.494
-39.500	-3.800	0.368
-39.400	-3.800	0.375
-39.300	-3.800	0.344
-39.200	-3.800	0.347
-39.100	-3.800	0.321
-39.000	-3.800	0.328
-38.900	-3.800	0.254
-38.800	-3.800	0.326
-38.700	-3.800	0.257
-38.600	-3.800	0.333
-38.500	-3.800	0.319
-41.200	-3.900	0.080
-41.100	-3.900	0.100
-41.000	-3.900	0.107
-40.900	-3.900	0.114
-40.800	-3.900	0.151
-40.700	-3.900	0.163
-40.600	-3.900	0.218
-40.500	-3.900	0.235
-40.400	-3.900	0.255
-40.300	-3.900	0.327
-40.200	-3.900	0.354
-40.100	-3.900	0.360
-40.000	-3.900	0.380
-39.900	-3.900	0.377
-39.800	-3.900	0.390
-39.700	-3.900	0.379
-39.600	-3.900	0.384
-39.500	-3.900	0.366
-39.400	-3.900	0.364
-39.300	-3.900	0.344
-39.200	-3.900	0.340
-39.100	-3.900	0.325
-39.000	-3.900	0.327
-38.900	-3.900	0.320
-38.800	-3.900	0.328
-38.700	-3.900	0.326
-38.600	-3.900	0.338
-38.500	-3.900	0.333
-38.400	-3.900	0.341
-41.200	-4.000	0.080
-41.100	-4.000	0.100
-41.000	-4.000	0.107
-40.900	-4.000	0.115
-40.800	-4.000	0.152
-40.700	-4.000	0.165
-40.600	-4.000	0.225
-40.500	-4.000	0.240
-40.400	-4.000	0.332
-40.300	-4.000	0.339
-40.200	-4.000	0.376
-40.100	-4.000	0.372
-40.000	-4.000	0.504
-39.900	-4.000	0.390
-39.800	-4.000	0.518
-39.700	-4.000	0.391
-39.600	-4.000	0.509
-39.500	-4.000	0.378
-39.400	-4.000	0.479
-39.300	-4.000	0.357
-39.200	-4.000	0.364
-39.100	-4.000	0.340
-39.000	-4.000	0.353
-38.900	-4.000	0.340
-38.800	-4.000	0.361
-38.700	-4.000	0.350
-38.600	-4.000	0.373
-38.500	-4.000	0.358
-38.400	-4.000	0.378
-38.300	-4.000	0.356
-41.100	-4.100	0.099
-41.000	-4.100	0.106
-40.900	-4.100	0.114
-40.800	-4.100	0.151
-40.700	-4.100	0.164
-40.600	-4.100	0.219
-40.500	-4.100	0.235
-40.400	-4.100	0.255
-40.300	-4.100	0.328
-40.200	-4.100	0.354
-40.100	-4.100	0.360
-40.000	-4.100	0.381
-39.900	-4.100	0.378
-39.800	-4.100	0.390
-39.700	-4.100	0.379
-39.600	-4.100	0.384
-39.500	-4.100	0.368
-39.400	-4.100	0.367
-39.300	-4.100	0.349
-39.200	-4.100	0.349
-39.100	-4.100	0.338
-39.000	-4.100	0.345
-38.900	-4.100	0.341
-38.800	-4.100	0.355
-38.700	-4.100	0.355
-38.600	-4.100	0.369
-38.500	-4.100	0.364
-38.400	-4.100	0.373
-38.300	-4.100	0.361
-38.200	-4.100	0.363
-41.100	-4.200	0.099
-41.000	-4.200	0.105
-40.900	-4.200	0.113
-40.800	-4.200	0.149
-40.700	-4.200	0.162
-40.600	-4.200	0.220
-40.500	-4.200	0.234
-40.400	-4.200	0.325
-40.300	-4.200	0.331
-40.200	-4.200	0.367
-40.100	-4.200	0.364
-40.000	-4.200	0.492
-39.900	-4.200	0.382
-39.800	-4.200	0.506
-39.700	-4.200	0.383
-39.600	-4.200	0.497
-39.500	-4.200	0.372
-39.400	-4.200	0.472
-39.300	-4.200	0.355
-39.200	-4.200	0.365
-39.100	-4.200	0.347
-39.000	-4.200	0.366
-38.900	-4.200	0.356
-38.800	-4.200	0.472
-38.700	-4.200	0.372
-38.600	-4.200	0.497
-38.500	-4.200	0.383
-38.400	-4.200	0.506
-38.300	-4.200	0.381
-38.200	-4.200	0.491
-38.100	-4.200	0.364
-41.100	-4.300	0.098
-41.000	-4.300	0.104
-40.900	-4.300	0.111
-40.800	-4.300	0.146
-40.700	-4.300	0.158
-40.600	-4.300	0.210
-40.500	-4.300	0.225
-40.400	-4.300	0.245
-40.300	-4.300	0.256
-40.200	-4.300	0.338
-40.100	-4.300	0.344
-40.000	-4.300	0.364
-39.900	-4.300	0.361
-39.800	-4.300	0.373
-39.700	-4.300	0.364
-39.600	-4.300	0.369
-39.500	-4.300	0.354
-39.400	-4.300	0.355
-39.300	-4.300	0.341
-39.200	-4.300	0.344
-39.100	-4.300	0.338
-39.000	-4.300	0.349
-38.900	-4.300	0.350
-38.800	-4.300	0.368
-38.700	-4.300	0.368
-38.600	-4.300	0.384
-38.500	-4.300	0.379
-38.400	-4.300	0.390
-38.300	-4.300	0.378
-38.200	-4.300	0.381
-38.100	-4.300	0.361
-38.000	-4.300	0.355
-41.100	-4.400	0.082
-41.000	-4.400	0.102
-40.900	-4.400	0.110
-40.800	-4.400	0.142
-40.700	-4.400	0.153
-40.600	-4.400	0.167
-40.500	-4.400	0.219
-40.400	-4.400	0.240
-40.300	-4.400	0.250
-40.200	-4.400	0.341
-40.100	-4.400	0.338
-40.000	-4.400	0.367
-39.900	-4.400	0.356
-39.800	-4.400	0.378
-39.700	-4.400	0.358
-39.600	-4.400	0.374
-39.500	-4.400	0.350
-39.400	-4.400	0.361
-39.300	-4.400	0.340
-39.200	-4.400	0.353
-39.100	-4.400	0.341
-39.000	-4.400	0.364
-38.900	-4.400	0.358
-38.800	-4.400	0.479
-38.700	-4.400	0.379
-38.600	-4.400	0.508
-38.500	-4.400	0.391
-38.400	-4.400	0.519
-38.300	-4.400	0.390
-38.200	-4.400	0.505
-38.100	-4.400	0.372
-38.000	-4.400	0.376
-37.900	-4.400	0.340
-37.800	-4.400	0.333
-41.100	-4.500	0.081
-41.000	-4.500	0.100
-40.900	-4.500	0.107
-40.800	-4.500	0.113
-40.700	-4.500	0.147
-40.600	-4.500	0.159
-40.500	-4.500	0.169
-40.400	-4.500	0.224
-40.300	-4.500	0.235
-40.200	-4.500	0.250
-40.100	-4.500	0.257
-40.000	-4.500	0.331
-39.900	-4.500	0.329
-39.800	-4.500	0.341
-39.700	-4.500	0.333
-39.600	-4.500	0.338
-39.500	-4.500	0.326
-39.400	-4.500	0.329
-39.300	-4.500	0.320
-39.200	-4.500	0.327
-39.100	-4.500	0.325
-39.000	-4.500	0.340
-38.900	-4.500	0.345
-38.800	-4.500	0.364
-38.700	-4.500	0.366
-38.600	-4.500	0.383
-38.500	-4.500	0.379
-38.400	-4.500	0.390
-38.300	-4.500	0.378
-38.200	-4.500	0.380
-38.100	-4.500	0.361
-38.000	-4.500	0.355
-37.900	-4.500	0.329
-37.800	-4.500	0.256
-41.200	-4.600	0.076
-41.100	-4.600	0.079
-41.000	-4.600	0.098
-40.900	-4.600	0.104
-40.800	-4.600	0.110
-40.700	-4.600	0.117
-40.600	-4.600	0.153
-40.500	-4.600	0.162
-40.400	-4.600	0.215
-40.300	-4.600	0.225
-40.200	-4.600	0.241
-40.100	-4.600	0.245
-40.000	-4.600	0.325
-39.900	-4.600	0.316
-39.800	-4.600	0.335
-39.700	-4.600	0.319
-39.600	-4.600	0.333
-39.500	-4.600	0.257
-39.400	-4.600	0.326
-39.300	-4.600	0.255
-39.200	-4.600	0.327
-39.100	-4.600	0.321
-39.000	-4.600	0.347
-38.900	-4.600	0.344
-38.800	-4.600	0.375
-38.700	-4.600	0.368
-38.600	-4.600	0.494
-38.500	-4.600	0.382
-38.400	-4.600	0.505
-38.300	-4.600	0.381
-38.200	-4.600	0.491
-38.100	-4.600	0.364
-38.000	-4.600	0.368
-37.900	-4.600	0.332
-37.800	-4.600	0.326
-37.700	-4.600	0.238
-41.200	-4.700	0.074
-41.100	-4.700	0.077
-41.000	-4.700	0.081
-40.900	-4.700	0.100
-40.800	-4.700	0.106
-40.700	-4.700	0.112
-40.600	-4.700	0.144
-40.500	-4.700	0.153
-40.400	-4.700	0.163
-40.300	-4.700	0.171
-40.200	-4.700	0.220
-40.100	-4.700	0.226
-40.000	-4.700	0.236
-39.900	-4.700	0.237
-39.800	-4.700	0.242
-39.700	-4.700	0.240
-39.600	-4.700	0.243
-39.500	-4.700	0.239
-39.400	-4.700	0.242
-39.300	-4.700	0.240
-39.200	-4.700	0.246
-39.100	-4.700	0.249
-39.000	-4.700	0.319
-38.900	-4.700	0.324
-38.800	-4.700	0.346
-38.700	-4.700	0.348
-38.600	-4.700	0.366
-38.500	-4.700	0.362
-38.400	-4.700	0.373
-38.300	-4.700	0.362
-38.200	-4.700	0.364
-38.100	-4.700	0.346
-38.000	-4.700	0.340
-37.900	-4.700	0.258
-37.800	-4.700	0.247
-37.700	-4.700	0.230
-37.600	-4.700	0.216
-37.500	-4.700	0.168
-37.400	-4.700	0.158
-41.200	-4.800	0.072
-41.100	-4.800	0.076
-41.000	-4.800	0.079
-40.900	-4.800	0.083
-40.800	-4.800	0.102
-40.700	-4.800	0.107
-40.600	-4.800	0.113
-40.500	-4.800	0.144
-40.400	-4.800	0.153
-40.300	-4.800	0.160
-40.200	-4.800	0.168
-40.100	-4.800	0.211
-40.000	-4.800	0.221
-39.900	-4.800	0.222
-39.800	-4.800	0.229
-39.700	-4.800	0.226
-39.600	-4.800	0.230
-39.500	-4.800	0.226
-39.400	-4.800	0.230
-39.300	-4.800	0.229
-39.200	-4.800	0.237
-39.100	-4.800	0.240
-39.000	-4.800	0.317
-38.900	-4.800	0.317
-38.800	-4.800	0.347
-38.700	-4.800	0.342
-38.600	-4.800	0.369
-38.500	-4.800	0.357
-38.400	-4.800	0.377
-38.300	-4.800	0.356
-38.200	-4.800	0.368
-38.100	-4.800	0.341
-38.000	-4.800	0.343
-37.900	-4.800	0.254
-37.800	-4.800	0.246
-37.700	-4.800	0.227
-37.600	-4.800	0.216
-37.500	-4.800	0.168
-37.400	-4.800	0.160
-37.300	-4.800	0.152
-41.200	-4.900	0.071
-41.100	-4.900	0.074
-41.000	-4.900	0.077
-40.900	-4.900	0.080
-40.800	-4.900	0.098
-40.700	-4.900	0.103
-40.600	-4.900	0.108
-40.500	-4.900	0.113
-40.400	-4.900	0.117
-40.300	-4.900	0.149
-40.200	-4.900	0.156
-40.100	-4.900	0.160
-40.000	-4.900	0.165
-39.900	-4.900	0.168
-39.800	-4.900	0.170
-39.700	-4.900	0.171
-39.600	-4.900	0.172
-39.500	-4.900	0.173
-39.400	-4.900	0.175
-39.300	-4.900	0.177
-39.200	-4.900	0.220
-39.100	-4.900	0.226
-39.000	-4.900	0.237
-38.900	-4.900	0.243
-38.800	-4.900	0.255
-38.700	-4.900	0.260
-38.600	-4.900	0.333
-38.500	-4.900	0.330
-38.400	-4.900	0.340
-38.300	-4.900	0.331
-38.200	-4.900	0.334
-38.100	-4.900	0.261
-38.000	-4.900	0.255
-37.900	-4.900	0.242
-37.800	-4.900	0.234
-37.700	-4.900	0.219
-37.600	-4.900	0.175
-37.500	-4.900	0.167
-37.400	-4.900	0.160
-37.300	-4.900	0.154
-41.100	-5.000	0.072
-41.000	-5.000	0.075
-40.900	-5.000	0.078
-40.800	-5.000	0.080
-40.700	-5.000	0.098
-40.600	-5.000	0.102
-40.500	-5.000	0.107
-40.400	-5.000	0.111
-40.300	-5.000	0.116
-40.200	-5.000	0.144
-40.100	-5.000	0.148
-40.000	-5.000	0.153
-39.900	-5.000	0.156
-39.800	-5.000	0.158
-39.700	-5.000	0.160
-39.600	-5.000	0.161
-39.500	-5.000	0.162
-39.400	-5.000	0.165
-39.300	-5.000	0.168
-39.200	-5.000	0.173
-39.100	-5.000	0.214
-39.000	-5.000	0.227
-38.900	-5.000	0.233
-38.800	-5.000	0.246
-38.700	-5.000	0.249
-38.600	-5.000	0.327
-38.500	-5.000	0.318
-38.400	-5.000	0.336
-38.300	-5.000	0.319
-38.200	-5.000	0.330
-38.100	-5.000	0.253
-38.000	-5.000	0.250
-37.900	-5.000	0.237
-37.800	-5.000	0.231
-37.700	-5.000	0.217
-37.600	-5.000	0.175
-37.500	-5.000	0.169
-37.400	-5.000	0.163
-37.300	-5.000	0.158
-37.200	-5.000	0.154
-37.100	-5.000	0.152
-37.000	-5.000	0.150
-36.900	-5.000	0.150
-41.000	-5.100	0.073
-40.900	-5.100	0.075
-40.800	-5.100	0.078
-40.700	-5.100	0.081
-40.600	-5.100	0.098
-40.500	-5.100	0.102
-40.400	-5.100	0.106
-40.300	-5.100	0.109
-40.200	-5.100	0.113
-40.100	-5.100	0.116
-40.000	-5.100	0.118
-39.900	-5.100	0.121
-39.800	-5.100	0.146
-39.700	-5.100	0.148
-39.600	-5.100	0.150
-39.500	-5.100	0.152
-39.400	-5.100	0.154
-39.300	-5.100	0.157
-39.200	-5.100	0.163
-39.100	-5.100	0.167
-39.000	-5.100	0.174
-38.900	-5.100	0.215
-38.800	-5.100	0.227
-38.700	-5.100	0.232
-38.600	-5.100	0.240
-38.500	-5.100	0.242
-38.400	-5.100	0.247
-38.300	-5.100	0.244
-38.200	-5.100	0.245
-38.100	-5.100	0.240
-38.000	-5.100	0.237
-37.900	-5.100	0.229
-37.800	-5.100	0.224
-37.700	-5.100	0.182
-37.600	-5.100	0.178
-37.500	-5.100	0.172
-37.400	-5.100	0.168
-37.300	-5.100	0.164
-37.200	-5.100	0.161
-37.100	-5.100	0.158
-37.000	-5.100	0.157
-36.900	-5.100	0.157
-36.800	-5.100	0.159
-36.700	-5.100	0.164
-36.600	-5.100	0.171
-36.500	-5.100	0.213
-36.400	-5.100	0.228
-36.300	-5.100	0.237
-36.200	-5.100	0.251
-36.100	-5.100	0.257
-36.000	-5.100	0.330
-35.900	-5.100	0.328
-35.800	-5.100	0.339
-40.900	-5.200	0.073
-40.800	-5.200	0.076
-40.700	-5.200	0.079
-40.600	-5.200	0.080
-40.500	-5.200	0.083
-40.400	-5.200	0.100
-40.300	-5.200	0.104
-40.200	-5.200	0.106
-40.100	-5.200	0.109
-40.000	-5.200	0.111
-39.900	-5.200	0.114
-39.800	-5.200	0.116
-39.700	-5.200	0.118
-39.600	-5.200	0.120
-39.500	-5.200	0.121
-39.400	-5.200	0.123
-39.300	-5.200	0.150
-39.200	-5.200	0.154
-39.100	-5.200	0.159
-39.000	-5.200	0.166
-38.900	-5.200	0.171
-38.800	-5.200	0.215
-38.700	-5.200	0.219
-38.600	-5.200	0.230
-38.500	-5.200	0.231
-38.400	-5.200	0.238
-38.300	-5.200	0.235
-38.200	-5.200	0.239
-38.100	-5.200	0.235
-38.000	-5.200	0.236
-37.900	-5.200	0.229
-37.800	-5.200	0.229
-37.700	-5.200	0.222
-37.600	-5.200	0.220
-37.500	-5.200	0.179
-37.400	-5.200	0.177
-37.300	-5.200	0.172
-37.200	-5.200	0.169
-37.100	-5.200	0.166
-37.000	-5.200	0.165
-36.900	-5.200	0.165
-36.800	-5.200	0.167
-36.700	-5.200	0.172
-36.600	-5.200	0.216
-36.500	-5.200	0.227
-36.400	-5.200	0.244
-36.300	-5.200	0.252
-36.200	-5.200	0.342
-36.100	-5.200	0.339
-36.000	-5.200	0.367
-35.900	-5.200	0.355
-35.800	-5.200	0.376
-35.700	-5.200	0.355
-35.600	-5.200	0.366
-35.500	-5.200	0.338
-40.900	-5.300	0.070
-40.800	-5.300	0.073
-40.700	-5.300	0.076
-40.600	-5.300	0.078
-40.500	-5.300	0.080
-40.400	-5.300	0.082
-40.300	-5.300	0.084
-40.200	-5.300	0.100
-40.100	-5.300	0.103
-40.000	-5.300	0.106
-39.900	-5.300	0.108
-39.800	-5.300	0.110
-39.700	-5.300	0.112
-39.600	-5.300	0.114
-39.500	-5.300	0.116
-39.400	-5.300	0.118
-39.300	-5.300	0.122
-39.200	-5.300	0.124
-39.100	-5.300	0.150
-39.000	-5.300	0.156
-38.900	-5.300	0.162
-38.800	-5.300	0.168
-38.700	-5.300	0.173
-38.600	-5.300	0.178
-38.500	-5.300	0.217
-38.400	-5.300	0.224
-38.300	-5.300	0.226
-38.200	-5.300	0.230
-38.100	-5.300	0.231
-38.000	-5.300	0.233
-37.900	-5.300	0.232
-37.800	-5.300	0.234
-37.700	-5.300	0.231
-37.600	-5.300	0.230
-37.500	-5.300	0.225
-37.400	-5.300	0.223
-37.300	-5.300	0.183
-37.200	-5.300	0.180
-37.100	-5.300	0.176
-37.000	-5.300	0.174
-36.900	-5.300	0.173
-36.800	-5.300	0.174
-36.700	-5.300	0.177
-36.600	-5.300	0.223
-36.500	-5.300	0.233
-36.400	-5.300	0.248
-36.300	-5.300	0.259
-36.200	-5.300	0.339
-36.100	-5.300	0.344
-36.000	-5.300	0.363
-35.900	-5.300	0.360
-35.800	-5.300	0.372
-35.700	-5.300	0.360
-35.600	-5.300	0.363
-35.500	-5.300	0.344
-35.400	-5.300	0.337
-40.900	-5.400	0.068
-40.800	-5.400	0.070
-40.700	-5.400	0.073
-40.600	-5.400	0.075
-40.500	-5.400	0.078
-40.400	-5.400	0.079
-40.300	-5.400	0.082
-40.200	-5.400	0.083
-40.100	-5.400	0.085
-40.000	-5.400	0.101
-39.900	-5.400	0.102
-39.800	-5.400	0.105
-39.700	-5.400	0.108
-39.600	-5.400	0.109
-39.500	-5.400	0.112
-39.400	-5.400	0.114
-39.300	-5.400	0.118
-39.200	-5.400	0.120
-39.100	-5.400	0.124
-39.000	-5.400	0.149
-38.900	-5.400	0.156
-38.800	-5.400	0.162
-38.700	-5.400	0.167
-38.600	-5.400	0.173
-38.500	-5.400	0.178
-38.400	-5.400	0.221
-38.300	-5.400	0.225
-38.200	-5.400	0.235
-38.100	-5.400	0.237
-38.000	-5.400	0.245
-37.900	-5.400	0.245
-37.800	-5.400	0.252
-37.700	-5.400	0.249
-37.600	-5.400	0.252
-37.500	-5.400	0.246
-37.400	-5.400	0.245
-37.300	-5.400	0.237
-37.200	-5.400	0.233
-37.100	-5.400	0.224
-37.000	-5.400	0.221
-36.900	-5.400	0.216
-36.800	-5.400	0.220
-36.700	-5.400	0.222
-36.600	-5.400	0.235
-36.500	-5.400	0.244
-36.400	-5.400	0.329
-36.300	-5.400	0.333
-36.200	-5.400	0.369
-36.100	-5.400	0.365
-36.000	-5.400	0.491
-35.900	-5.400	0.381
-35.800	-5.400	0.504
-35.700	-5.400	0.381
-35.600	-5.400	0.491
-35.500	-5.400	0.364
-35.400	-5.400	0.367
-40.900	-5.500	0.057
-40.800	-5.500	0.068
-40.700	-5.500	0.070
-40.600	-5.500	0.072
-40.500	-5.500	0.075
-40.400	-5.500	0.077
-40.300	-5.500	0.078
-40.200	-5.500	0.081
-40.100	-5.500	0.082
-40.000	-5.500	0.084
-39.900	-5.500	0.086
-39.800	-5.500	0.100
-39.700	-5.500	0.103
-39.600	-5.500	0.106
-39.500	-5.500	0.108
-39.400	-5.500	0.111
-39.300	-5.500	0.114
-39.200	-5.500	0.117
-39.100	-5.500	0.120
-39.000	-5.500	0.124
-38.900	-5.500	0.150
-38.800	-5.500	0.157
-38.700	-5.500	0.163
-38.600	-5.500	0.170
-38.500	-5.500	0.177
-38.400	-5.500	0.218
-38.300	-5.500	0.227
-38.200	-5.500	0.238
-38.100	-5.500	0.245
-38.000	-5.500	0.255
-37.900	-5.500	0.258
-37.800	-5.500	0.323
-37.700	-5.500	0.265
-37.600	-5.500	0.328
-37.500	-5.500	0.264
-37.400	-5.500	0.319
-37.300	-5.500	0.255
-37.200	-5.500	0.250
-37.100	-5.500	0.239
-37.000	-5.500	0.235
-36.900	-5.500	0.227
-36.800	-5.500	0.227
-36.700	-5.500	0.229
-36.600	-5.500	0.238
-36.500	-5.500	0.246
-36.400	-5.500	0.320
-36.300	-5.500	0.332
-36.200	-5.500	0.356
-36.100	-5.500	0.361
-36.000	-5.500	0.381
-35.900	-5.500	0.377
-35.800	-5.500	0.389
-35.700	-5.500	0.377
-35.600	-5.500	0.379
-35.500	-5.500	0.360
-35.400	-5.500	0.354
-35.300	-5.500	0.328
-40.900	-5.600	0.056
-40.800	-5.600	0.057
-40.700	-5.600	0.069
-40.600	-5.600	0.070
-40.500	-5.600	0.072
-40.400	-5.600	0.074
-40.300	-5.600	0.075
-40.200	-5.600	0.078
-40.100	-5.600	0.080
-40.000	-5.600	0.081
-39.900	-5.600	0.084
-39.800	-5.600	0.086
-39.700	-5.600	0.087
-39.600	-5.600	0.102
-39.500	-5.600	0.105
-39.400	-5.600	0.108
-39.300	-5.600	0.111
-39.200	-5.600	0.115
-39.100	-5.600	0.118
-39.000	-5.600	0.123
-38.900	-5.600	0.127
-38.800	-5.600	0.155
-38.700	-5.600	0.162
-38.600	-5.600	0.171
-38.500	-5.600	0.179
-38.400	-5.600	0.227
-38.300	-5.600	0.238
-38.200	-5.600	0.254
-38.100	-5.600	0.262
-38.000	-5.600	0.344
-37.900	-5.600	0.342
-37.800	-5.600	0.366
-37.700	-5.600	0.356
-37.600	-5.600	0.373
-37.500	-5.600	0.355
-37.400	-5.600	0.365
-37.300	-5.600	0.340
-37.200	-5.600	0.343
-37.100	-5.600	0.261
-37.000	-5.600	0.255
-36.900	-5.600	0.244
-36.800	-5.600	0.242
-36.700	-5.600	0.239
-36.600	-5.600	0.249
-36.500	-5.600	0.254
-36.400	-5.600	0.341
-36.300	-5.600	0.343
-36.200	-5.600	0.378
-36.100	-5.600	0.374
-36.000	-5.600	0.504
-35.900	-5.600	0.389
-35.800	-5.600	0.517
-35.700	-5.600	0.390
-35.600	-5.600	0.503
-35.500	-5.600	0.372
-35.400	-5.600	0.376
-35.300	-5.600	0.339
-40.900	-5.700	0.054
-40.800	-5.700	0.055
-40.700	-5.700	0.057
-40.600	-5.700	0.068
-40.500	-5.700	0.070
-40.400	-5.700	0.071
-40.300	-5.700	0.074
-40.200	-5.700	0.076
-40.100	-5.700	0.077
-40.000	-5.700	0.079
-39.900	-5.700	0.082
-39.800	-5.700	0.083
-39.700	-5.700	0.086
-39.600	-5.700	0.088
-39.500	-5.700	0.102
-39.400	-5.700	0.105
-39.300	-5.700	0.109
-39.200	-5.700	0.113
-39.100	-5.700	0.117
-39.000	-5.700	0.122
-38.900	-5.700	0.126
-38.800	-5.700	0.155
-38.700	-5.700	0.163
-38.600	-5.700	0.173
-38.500	-5.700	0.217
-38.400	-5.700	0.234
-38.300	-5.700	0.247
-38.200	-5.700	0.321
-38.100	-5.700	0.334
-38.000	-5.700	0.357
-37.900	-5.700	0.363
-37.800	-5.700	0.380
-37.700	-5.700	0.378
-37.600	-5.700	0.389
-37.500	-5.700	0.378
-37.400	-5.700	0.380
-37.300	-5.700	0.362
-37.200	-5.700	0.357
-37.100	-5.700	0.335
-37.000	-5.700	0.325
-36.900	-5.700	0.255
-36.800	-5.700	0.249
-36.700	-5.700	0.244
-36.600	-5.700	0.248
-36.500	-5.700	0.253
-36.400	-5.700	0.325
-36.300	-5.700	0.334
-36.200	-5.700	0.358
-36.100	-5.700	0.362
-36.000	-5.700	0.381
-35.900	-5.700	0.377
-35.800	-5.700	0.389
-35.700	-5.700	0.377
-35.600	-5.700	0.380
-35.500	-5.700	0.360
-35.400	-5.700	0.354
-35.300	-5.700	0.328
-35.200	-5.700	0.255
-40.900	-5.800	0.053
-40.800	-5.800	0.054
-40.700	-5.800	0.056
-40.600	-5.800	0.057
-40.500	-5.800	0.067
-40.400	-5.800	0.069
-40.300	-5.800	0.072
-40.200	-5.800	0.073
-40.100	-5.800	0.076
-40.000	-5.800	0.077
-39.900	-5.800	0.079
-39.800	-5.800	0.082
-39.700	-5.800	0.084
-39.600	-5.800	0.086
-39.500	-5.800	0.089
-39.400	-5.800	0.104
-39.300	-5.800	0.107
-39.200	-5.800	0.112
-39.100	-5.800	0.117
-39.000	-5.800	0.121
-38.900	-5.800	0.127
-38.800	-5.800	0.156
-38.700	-5.800	0.166
-38.600	-5.800	0.178
-38.500	-5.800	0.228
-38.400	-5.800	0.249
-38.300	-5.800	0.319
-38.200	-5.800	0.357
-38.100	-5.800	0.364
-38.000	-5.800	0.494
-37.900	-5.800	0.397
-37.800	-5.800	0.533
-37.700	-5.800	0.501
-37.600	-5.800	0.545
-37.500	-5.800	0.500
-37.400	-5.800	0.532
-37.300	-5.800	0.397
-37.200	-5.800	0.495
-37.100	-5.800	0.366
-37.000	-5.800	0.362
-36.900	-5.800	0.330
-36.800	-5.800	0.327
-36.700	-5.800	0.254
-36.600	-5.800	0.316
-36.500	-5.800	0.256
-36.400	-5.800	0.338
-36.300	-5.800	0.339
-36.200	-5.800	0.370
-36.100	-5.800	0.365
-36.000	-5.800	0.492
-35.900	-5.800	0.381
-35.800	-5.800	0.504
-35.700	-5.800	0.381
-35.600	-5.800	0.491
-35.500	-5.800	0.364
-35.400	-5.800	0.367
-35.300	-5.800	0.331
-35.200	-5.800	0.325
-40.800	-5.900	0.053
-40.700	-5.900	0.054
-40.600	-5.900	0.056
-40.500	-5.900	0.057
-40.400	-5.900	0.059
-40.300	-5.900	0.069
-40.200	-5.900	0.071
-40.100	-5.900	0.073
-40.000	-5.900	0.076
-39.900	-5.900	0.077
-39.800	-5.900	0.080
-39.700	-5.900	0.083
-39.600	-5.900	0.084
-39.500	-5.900	0.087
-39.400	-5.900	0.102
-39.300	-5.900	0.107
-39.200	-5.900	0.111
-39.100	-5.900	0.116
-39.000	-5.900	0.121
-38.900	-5.900	0.127
-38.800	-5.900	0.158
-38.700	-5.900	0.170
-38.600	-5.900	0.218
-38.500	-5.900	0.235
-38.400	-5.900	0.257
-38.300	-5.900	0.333
-38.200	-5.900	0.363
-38.100	-5.900	0.378
-38.000	-5.900	0.489
-37.900	-5.900	0.495
-37.800	-5.900	0.526
-37.700	-5.900	0.518
-37.600	-5.900	0.539
-37.500	-5.900	0.518
-37.400	-5.900	0.526
-37.300	-5.900	0.495
-37.200	-5.900	0.490
-37.100	-5.900	0.380
-37.000	-5.900	0.367
-36.900	-5.900	0.341
-36.800	-5.900	0.327
-36.700	-5.900	0.257
-36.600	-5.900	0.255
-36.500	-5.900	0.253
-36.400	-5.900	0.317
-36.300	-5.900	0.323
-36.200	-5.900	0.343
-36.100	-5.900	0.347
-36.000	-5.900	0.365
-35.900	-5.900	0.361
-35.800	-5.900	0.371
-35.700	-5.900	0.361
-35.600	-5.900	0.363
-35.500	-5.900	0.345
-35.400	-5.900	0.338
-35.300	-5.900	0.256
-35.200	-5.900	0.244
-40.800	-6.000	0.052
-40.700	-6.000	0.052
-40.600	-6.000	0.054
-40.500	-6.000	0.056
-40.400	-6.000	0.057
-40.300	-6.000	0.058
-40.200	-6.000	0.069
-40.100	-6.000	0.071
-40.000	-6.000	0.073
-39.900	-6.000	0.076
-39.800	-6.000	0.079
-39.700	-6.000	0.081
-39.600	-6.000	0.084
-39.500	-6.000	0.087
-39.400	-6.000	0.089
-39.300	-6.000	0.106
-39.200	-6.000	0.110
-39.100	-6.000	0.116
-39.000	-6.000	0.121
-38.900	-6.000	0.150
-38.800	-6.000	0.162
-38.700	-6.000	0.174
-38.600	-6.000	0.229
-38.500	-6.000	0.247
-38.400	-6.000	0.341
-38.300	-6.000	0.356
-38.200	-6.000	0.494
-38.100	-6.000	0.490
-38.000	-6.000	0.559
-37.900	-6.000	0.539
-37.800	-6.000	0.601
-37.700	-6.000	0.564
-37.600	-6.000	0.741
-37.500	-6.000	0.565
-37.400	-6.000	0.601
-37.300	-6.000	0.540
-37.200	-6.000	0.559
-37.100	-6.000	0.492
-37.000	-6.000	0.498
-36.900	-6.000	0.363
-36.800	-6.000	0.354
-36.700	-6.000	0.323
-36.600	-6.000	0.322
-36.500	-6.000	0.254
-36.400	-6.000	0.324
-36.300	-6.000	0.321
-36.200	-6.000	0.348
-36.100	-6.000	0.342
-36.000	-6.000	0.368
-35.900	-6.000	0.356
-35.800	-6.000	0.377
-35.700	-6.000	0.355
-35.600	-6.000	0.366
-35.500	-6.000	0.338
-35.400	-6.000	0.341
-35.300	-6.000	0.250
-35.200	-6.000	0.241
-40.800	-6.100	0.050
-40.700	-6.100	0.052
-40.600	-6.100	0.053
-40.500	-6.100	0.055
-40.400	-6.100	0.055
-40.300	-6.100	0.058
-40.200	-6.100	0.059
-40.100	-6.100	0.069
-40.000	-6.100	0.072
-39.900	-6.100	0.074
-39.800	-6.100	0.077
-39.700	-6.100	0.080
-39.600	-6.100	0.082
-39.500	-6.100	0.085
-39.400	-6.100	0.089
-39.300	-6.100	0.105
-39.200	-6.100	0.110
-39.100	-6.100	0.115
-39.000	-6.100	0.122
-38.900	-6.100	0.151
-38.800	-6.100	0.164
-38.700	-6.100	0.177
-38.600	-6.100	0.232
-38.500	-6.100	0.253
-38.400	-6.100	0.339
-38.300	-6.100	0.363
-38.200	-6.100	0.396
-38.100	-6.100	0.494
-38.000	-6.100	0.538
-37.900	-6.100	0.543
-37.800	-6.100	0.578
-37.700	-6.100	0.568
-37.600	-6.100	0.591
-37.500	-6.100	0.568
-37.400	-6.100	0.578
-37.300	-6.100	0.544
-37.200	-6.100	0.539
-37.100	-6.100	0.495
-37.000	-6.100	0.399
-36.900	-6.100	0.367
-36.800	-6.100	0.349
-36.700	-6.100	0.322
-36.600	-6.100	0.258
-36.500	-6.100	0.249
-36.400	-6.100	0.250
-36.300	-6.100	0.251
-36.200	-6.100	0.259
-36.100	-6.100	0.319
-36.000	-6.100	0.333
-35.900	-6.100	0.330
-35.800	-6.100	0.339
-35.700	-6.100	0.329
-35.600	-6.100	0.330
-35.500	-6.100	0.256
-35.400	-6.100	0.250
-35.300	-6.100	0.235
-35.200	-6.100	0.224
-35.100	-6.100	0.170
-40.800	-6.200	0.049
-40.700	-6.200	0.051
-40.600	-6.200	0.052
-40.500	-6.200	0.053
-40.400	-6.200	0.055
-40.300	-6.200	0.056
-40.200	-6.200	0.058
-40.100	-6.200	0.069
-40.000	-6.200	0.071
-39.900	-6.200	0.073
-39.800	-6.200	0.076
-39.700	-6.200	0.078
-39.600	-6.200	0.082
-39.500	-6.200	0.084
-39.400	-6.200	0.088
-39.300	-6.200	0.104
-39.200	-6.200	0.109
-39.100	-6.200	0.115
-39.000	-6.200	0.123
-38.900	-6.200	0.152
-38.800	-6.200	0.167
-38.700	-6.200	0.216
-38.600	-6.200	0.241
-38.500	-6.200	0.318
-38.400	-6.200	0.365
-38.300	-6.200	0.381
-38.200	-6.200	0.533
-38.100	-6.200	0.527
-38.000	-6.200	0.601
-37.900	-6.200	0.578
-37.800	-6.200	0.779
-37.700	-6.200	0.605
-37.600	-6.200	0.800
-37.500	-6.200	0.605
-37.400	-6.200	0.779
-37.300	-6.200	0.579
-37.200	-6.200	0.601
-37.100	-6.200	0.529
-37.000	-6.200	0.535
-36.900	-6.200	0.384
-36.800	-6.200	0.373
-36.700	-6.200	0.333
-36.600	-6.200	0.323
-36.500	-6.200	0.248
-36.400	-6.200	0.248
-36.300	-6.200	0.244
-36.200	-6.200	0.252
-36.100	-6.200	0.251
-36.000	-6.200	0.328
-35.900	-6.200	0.316
-35.800	-6.200	0.333
-35.700	-6.200	0.256
-35.600	-6.200	0.324
-35.500	-6.200	0.245
-35.400	-6.200	0.240
-35.300	-6.200	0.224
-35.200	-6.200	0.216
-35.100	-6.200	0.163
-40.700	-6.300	0.049
-40.600	-6.300	0.051
-40.500	-6.300	0.052
-40.400	-6.300	0.054
-40.300	-6.300	0.055
-40.200	-6.300	0.057
-40.100	-6.300	0.059
-40.000	-6.300	0.069
-39.900	-6.300	0.072
-39.800	-6.300	0.075
-39.700	-6.300	0.078
-39.600	-6.300	0.081
-39.500	-6.300	0.084
-39.400	-6.300	0.087
-39.300	-6.300	0.104
-39.200	-6.300	0.109
-39.100	-6.300	0.115
-39.000	-6.300	0.122
-38.900	-6.300	0.154
-38.800	-6.300	0.167
-38.700	-6.300	0.217
-38.600	-6.300	0.241
-38.500	-6.300	0.262
-38.400	-6.300	0.354
-38.300	-6.300	0.378
-38.200	-6.300	0.501
-38.100	-6.300	0.519
-38.000	-6.300	0.564
-37.900	-6.300	0.569
-37.800	-6.300	0.604
-37.700	-6.300	0.594
-37.600	-6.300	0.618
-37.500	-6.300	0.594
-37.400	-6.300	0.604
-37.300	-6.300	0.568
-37.200	-6.300	0.564
-37.100	-6.300	0.519
-37.000	-6.300	0.502
-36.900	-6.300	0.382
-36.800	-6.300	0.361
-36.700	-6.300	0.327
-36.600	-6.300	0.256
-36.500	-6.300	0.243
-36.400	-6.300	0.236
-36.300	-6.300	0.232
-36.200	-6.300	0.234
-36.100	-6.300	0.234
-36.000	-6.300	0.239
-35.900	-6.300	0.238
-35.800	-6.300	0.242
-35.700	-6.300	0.237
-35.600	-6.300	0.235
-35.500	-6.300	0.226
-35.400	-6.300	0.220
-35.300	-6.300	0.171
-35.200	-6.300	0.163
-35.100	-6.300	0.152
-40.800	-6.400	0.047
-40.700	-6.400	0.048
-40.600	-6.400	0.050
-40.500	-6.400	0.051
-40.400	-6.400	0.052
-40.300	-6.400	0.054
-40.200	-6.400	0.056
-40.100	-6.400	0.058
-40.000	-6.400	0.068
-39.900	-6.400	0.071
-39.800	-6.400	0.074
-39.700	-6.400	0.076
-39.600	-6.400	0.079
-39.500	-6.400	0.083
-39.400	-6.400	0.086
-39.300	-6.400	0.103
-39.200	-6.400	0.109
-39.100	-6.400	0.115
-39.000	-6.400	0.122
-38.900	-6.400	0.153
-38.800	-6.400	0.168
-38.700	-6.400	0.219
-38.600	-6.400	0.246
-38.500	-6.400	0.326
-38.400	-6.400	0.373
-38.300	-6.400	0.389
-38.200	-6.400	0.546
-38.100	-6.400	0.540
-38.000	-6.400	0.741
-37.900	-6.400	0.592
-37.800	-6.400	0.799
-37.700	-6.400	0.619
-37.600	-6.400	0.820
-37.500	-6.400	0.619
-37.400	-6.400	0.800
-37.300	-6.400	0.592
-37.200	-6.400	0.741
-37.100	-6.400	0.542
-37.000	-6.400	0.547
-36.900	-6.400	0.392
-36.800	-6.400	0.378
-36.700	-6.400	0.333
-36.600	-6.400	0.318
-36.500	-6.400	0.239
-36.400	-6.400	0.232
-36.300	-6.400	0.223
-36.200	-6.400	0.224
-36.100	-6.400	0.222
-36.000	-6.400	0.227
-35.900	-6.400	0.224
-35.800	-6.400	0.228
-35.700	-6.400	0.221
-35.600	-6.400	0.222
-35.500	-6.400	0.210
-35.400	-6.400	0.168
-35.300	-6.400	0.160
-35.200	-6.400	0.153
-35.100	-6.400	0.144
-35.000	-6.400	0.113
-40.700	-6.500	0.047
-40.600	-6.500	0.049
-40.500	-6.500	0.050
-40.400	-6.500	0.052
-40.300	-6.500	0.054
-40.200	-6.500	0.055
-40.100	-6.500	0.056
-40.000	-6.500	0.059
-39.900	-6.500	0.070
-39.800	-6.500	0.072
-39.700	-6.500	0.076
-39.600	-6.500	0.079
-39.500	-6.500	0.082
-39.400	-6.500	0.086
-39.300	-6.500	0.102
-39.200	-6.500	0.107
-39.100	-6.500	0.114
-39.000	-6.500	0.121
-38.900	-6.500	0.153
-38.800	-6.500	0.166
-38.700	-6.500	0.216
-38.600	-6.500	0.240
-38.500	-6.500	0.262
-38.400	-6.500	0.354
-38.300	-6.500	0.379
-38.200	-6.500	0.501
-38.100	-6.500	0.518
-38.000	-6.500	0.564
-37.900	-6.500	0.568
-37.800	-6.500	0.604
-37.700	-6.500	0.595
-37.600	-6.500	0.618
-37.500	-6.500	0.594
-37.400	-6.500	0.604
-37.300	-6.500	0.569
-37.200	-6.500	0.564
-37.100	-6.500	0.519
-37.000	-6.500	0.501
-36.900	-6.500	0.380
-36.800	-6.500	0.358
-36.700	-6.500	0.323
-36.600	-6.500	0.249
-36.500	-6.500	0.232
-36.400	-6.500	0.220
-36.300	-6.500	0.178
-36.200	-6.500	0.175
-36.100	-6.500	0.172
-36.000	-6.500	0.172
-35.900	-6.500	0.171
-35.800	-6.500	0.170
-35.700	-6.500	0.167
-35.600	-6.500	0.165
-35.500	-6.500	0.160
-35.400	-6.500	0.155
-35.300	-6.500	0.149
-35.200	-6.500	0.118
-35.100	-6.500	0.113
-35.000	-6.500	0.107
-40.700	-6.600	0.047
-40.600	-6.600	0.048
-40.500	-6.600	0.050
-40.400	-6.600	0.051
-40.300	-6.600	0.052
-40.200	-6.600	0.054
-40.100	-6.600	0.056
-40.000	-6.600	0.058
-39.900	-6.600	0.069
-39.800	-6.600	0.072
-39.700	-6.600	0.075
-39.600	-6.600	0.078
-39.500	-6.600	0.081
-39.400	-6.600	0.085
-39.300	-6.600	0.102
-39.200	-6.600	0.107
-39.100	-6.600	0.113
-39.000	-6.600	0.120
-38.900	-6.600	0.151
-38.800	-6.600	0.165
-38.700	-6.600	0.215
-38.600	-6.600	0.241
-38.500	-6.600	0.318
-38.400	-6.600	0.365
-38.300	-6.600	0.381
-38.200	-6.600	0.532
-38.100	-6.600	0.527
-38.000	-6.600	0.601
-37.900	-6.600	0.579
-37.800	-6.600	0.779
-37.700	-6.600	0.605
-37.600	-6.600	0.800
-37.500	-6.600	0.605
-37.400	-6.600	0.780
-37.300	-6.600	0.579
-37.200	-6.600	0.601
-37.100	-6.600	0.528
-37.000	-6.600	0.533
-36.900	-6.600	0.382
-36.800	-6.600	0.367
-36.700	-6.600	0.323
-36.600	-6.600	0.248
-36.500	-6.600	0.227
-36.400	-6.600	0.214
-36.300	-6.600	0.172
-36.200	-6.600	0.167
-36.100	-6.600	0.164
-36.000	-6.600	0.162
-35.900	-6.600	0.160
-35.800	-6.600	0.159
-35.700	-6.600	0.156
-35.600	-6.600	0.153
-35.500	-6.600	0.149
-35.400	-6.600	0.144
-35.300	-6.600	0.116
-35.200	-6.600	0.111
-35.100	-6.600	0.107
-35.000	-6.600	0.102
-40.600	-6.700	0.047
-40.500	-6.700	0.049
-40.400	-6.700	0.050
-40.300	-6.700	0.052
-40.200	-6.700	0.054
-40.100	-6.700	0.055
-40.000	-6.700	0.057
-39.900	-6.700	0.059
-39.800	-6.700	0.070
-39.700	-6.700	0.073
-39.600	-6.700	0.077
-39.500	-6.700	0.080
-39.400	-6.700	0.084
-39.300	-6.700	0.088
-39.200	-6.700	0.105
-39.100	-6.700	0.112
-39.000	-6.700	0.119
-38.900	-6.700	0.148
-38.800	-6.700	0.161
-38.700	-6.700	0.175
-38.600	-6.700	0.230
-38.500	-6.700	0.252
-38.400	-6.700	0.338
-38.300	-6.700	0.362
-38.200	-6.700	0.396
-38.100	-6.700	0.494
-38.000	-6.700	0.538
-37.900	-6.700	0.543
-37.800	-6.700	0.577
-37.700	-6.700	0.568
-37.600	-6.700	0.591
-37.500	-6.700	0.568
-37.400	-6.700	0.578
-37.300	-6.700	0.543
-37.200	-6.700	0.538
-37.100	-6.700	0.495
-37.000	-6.700	0.397
-36.900	-6.700	0.363
-36.800	-6.700	0.341
-36.700	-6.700	0.255
-36.600	-6.700	0.237
-36.500	-6.700	0.217
-36.400	-6.700	0.173
-36.300	-6.700	0.165
-36.200	-6.700	0.159
-36.100	-6.700	0.155
-36.000	-6.700	0.151
-35.900	-6.700	0.149
-35.800	-6.700	0.147
-35.700	-6.700	0.121
-35.600	-6.700	0.119
-35.500	-6.700	0.116
-35.400	-6.700	0.113
-35.300	-6.700	0.109
-35.200	-6.700	0.106
-35.100	-6.700	0.102
-35.000	-6.700	0.098
-40.400	-6.800	0.049
-40.300	-6.800	0.051
-40.200	-6.800	0.052
-40.100	-6.800	0.054
-40.000	-6.800	0.056
-39.900	-6.800	0.058
-39.800	-6.800	0.070
-39.700	-6.800	0.072
-39.600	-6.800	0.076
-39.500	-6.800	0.080
-39.400	-6.800	0.083
-39.300	-6.800	0.086
-39.200	-6.800	0.104
-39.100	-6.800	0.110
-39.000	-6.800	0.117
-38.900	-6.800	0.124
-38.800	-6.800	0.158
-38.700	-6.800	0.171
-38.600	-6.800	0.227
-38.500	-6.800	0.246
-38.400	-6.800	0.340
-38.300	-6.800	0.355
-38.200	-6.800	0.494
-38.100	-6.800	0.490
-38.000	-6.800	0.558
-37.900	-6.800	0.539
-37.800	-6.800	0.600
-37.700	-6.800	0.564
-37.600	-6.800	0.739
-37.500	-6.800	0.565
-37.400	-6.800	0.600
-37.300	-6.800	0.539
-37.200	-6.800	0.558
-37.100	-6.800	0.490
-37.000	-6.800	0.494
-36.900	-6.800	0.356
-36.800	-6.800	0.340
-36.700	-6.800	0.248
-36.600	-6.800	0.231
-36.500	-6.800	0.177
-36.400	-6.800	0.167
-36.300	-6.800	0.158
-36.200	-6.800	0.152
-36.100	-6.800	0.126
-36.000	-6.800	0.122
-35.900	-6.800	0.120
-35.800	-6.800	0.118
-35.700	-6.800	0.115
-35.600	-6.800	0.113
-35.500	-6.800	0.110
-35.400	-6.800	0.107
-35.300	-6.800	0.104
-35.200	-6.800	0.101
-35.100	-6.800	0.083
-35.000	-6.800	0.081
-40.400	-6.900	0.049
-40.300	-6.900	0.050
-40.200	-6.900	0.052
-40.100	-6.900	0.054
-40.000	-6.900	0.056
-39.900	-6.900	0.058
-39.800	-6.900	0.068
-39.700	-6.900	0.072
-39.600	-6.900	0.075
-39.500	-6.900	0.078
-39.400	-6.900	0.082
-39.300	-6.900	0.085
-39.200	-6.900	0.102
-39.100	-6.900	0.108
-39.000	-6.900	0.114
-38.900	-6.900	0.121
-38.800	-6.900	0.152
-38.700	-6.900	0.165
-38.600	-6.900	0.178
-38.500	-6.900	0.233
-38.400	-6.900	0.254
-38.300	-6.900	0.330
-38.200	-6.900	0.362
-38.100	-6.900	0.378
-38.000	-6.900	0.488
-37.900	-6.900	0.493
-37.800	-6.900	0.525
-37.700	-6.900	0.518
-37.600	-6.900	0.538
-37.500	-6.900	0.517
-37.400	-6.900	0.525
-37.300	-6.900	0.494
-37.200	-6.900	0.488
-37.100	-6.900	0.378
-37.000	-6.900	0.362
-36.900	-6.900	0.332
-36.800	-6.900	0.256
-36.700	-6.900	0.235
-36.600	-6.900	0.217
-36.500	-6.900	0.170
-36.400	-6.900	0.160
-36.300	-6.900	0.152
-36.200	-6.900	0.124
-36.100	-6.900	0.121
-36.000	-6.900	0.117
-35.900	-6.900	0.115
-35.800	-6.900	0.112
-35.700	-6.900	0.109
-35.600	-6.900	0.107
-35.500	-6.900	0.104
-35.400	-6.900	0.101
-35.300	-6.900	0.085
-35.200	-6.900	0.083
-35.100	-6.900	0.081
-35.000	-6.900	0.078
-34.900	-6.900	0.075
-40.400	-7.000	0.047
-40.300	-7.000	0.050
-40.200	-7.000	0.051
-40.100	-7.000	0.052
-40.000	-7.000	0.054
-39.900	-7.000	0.056
-39.800	-7.000	0.058
-39.700	-7.000	0.070
-39.600	-7.000	0.073
-39.500	-7.000	0.076
-39.400	-7.000	0.080
-39.300	-7.000	0.084
-39.200	-7.000	0.088
-39.100	-7.000	0.106
-39.000	-7.000	0.112
-38.900	-7.000	0.118
-38.800	-7.000	0.147
-38.700	-7.000	0.158
-38.600	-7.000	0.172
-38.500	-7.000	0.222
-38.400	-7.000	0.246
-38.300	-7.000	0.260
-38.200	-7.000	0.355
-38.100	-7.000	0.362
-38.000	-7.000	0.492
-37.900	-7.000	0.396
-37.800	-7.000	0.531
-37.700	-7.000	0.500
-37.600	-7.000	0.544
-37.500	-7.000	0.500
-37.400	-7.000	0.531
-37.300	-7.000	0.396
-37.200	-7.000	0.492
-37.100	-7.000	0.362
-37.000	-7.000	0.356
-36.900	-7.000	0.261
-36.800	-7.000	0.246
-36.700	-7.000	0.225
-36.600	-7.000	0.174
-36.500	-7.000	0.163
-36.400	-7.000	0.154
-36.300	-7.000	0.125
-36.200	-7.000	0.121
-36.100	-7.000	0.116
-36.000	-7.000	0.113
-35.900	-7.000	0.110
-35.800	-7.000	0.108
-35.700	-7.000	0.104
-35.600	-7.000	0.102
-35.500	-7.000	0.086
-35.400	-7.000	0.084
-35.300	-7.000	0.082
-35.200	-7.000	0.080
-35.100	-7.000	0.077
-35.000	-7.000	0.076
-34.900	-7.000	0.073
-40.400	-7.100	0.047
-40.300	-7.100	0.048
-40.200	-7.100	0.050
-40.100	-7.100	0.052
-40.000	-7.100	0.054
-39.900	-7.100	0.056
-39.800	-7.100	0.058
-39.700	-7.100	0.069
-39.600	-7.100	0.072
-39.500	-7.100	0.075
-39.400	-7.100	0.079
-39.300	-7.100	0.082
-39.200	-7.100	0.085
-39.100	-7.100	0.102
-39.000	-7.100	0.109
-38.900	-7.100	0.114
-38.800	-7.100	0.121
-38.700	-7.100	0.151
-38.600	-7.100	0.163
-38.500	-7.100	0.175
-38.400	-7.100	0.226
-38.300	-7.100	0.241
-38.200	-7.100	0.260
-38.100	-7.100	0.330
-38.000	-7.100	0.354
-37.900	-7.100	0.361
-37.800	-7.100	0.379
-37.700	-7.100	0.377
-37.600	-7.100	0.387
-37.500	-7.100	0.377
-37.400	-7.100	0.379
-37.300	-7.100	0.361
-37.200	-7.100	0.354
-37.100	-7.100	0.330
-37.000	-7.100	0.260
-36.900	-7.100	0.242
-36.800	-7.100	0.227
-36.700	-7.100	0.176
-36.600	-7.100	0.166
-36.500	-7.100	0.155
-36.400	-7.100	0.125
-36.300	-7.100	0.120
-36.200	-7.100	0.116
-36.100	-7.100	0.112
-36.000	-7.100	0.108
-35.900	-7.100	0.105
-35.800	-7.100	0.103
-35.700	-7.100	0.088
-35.600	-7.100	0.085
-35.500	-7.100	0.083
-35.400	-7.100	0.081
-35.300	-7.100	0.079
-35.200	-7.100	0.077
-35.100	-7.100	0.075
-35.000	-7.100	0.072
-34.900	-7.100	0.071
-40.500	-7.200	0.039
-40.400	-7.200	0.046
-40.300	-7.200	0.047
-40.200	-7.200	0.049
-40.100	-7.200	0.050
-40.000	-7.200	0.053
-39.900	-7.200	0.055
-39.800	-7.200	0.056
-39.700	-7.200	0.068
-39.600	-7.200	0.071
-39.500	-7.200	0.074
-39.400	-7.200	0.077
-39.300	-7.200	0.080
-39.200	-7.200	0.084
-39.100	-7.200	0.088
-39.000	-7.200	0.105
-38.900	-7.200	0.110
-38.800	-7.200	0.117
-38.700	-7.200	0.123
-38.600	-7.200	0.154
-38.500	-7.200	0.165
-38.400	-7.200	0.212
-38.300	-7.200	0.226
-38.200	-7.200	0.245
-38.100	-7.200	0.255
-38.000	-7.200	0.338
-37.900	-7.200	0.337
-37.800	-7.200	0.363
-37.700	-7.200	0.353
-37.600	-7.200	0.371
-37.500	-7.200	0.353
-37.400	-7.200	0.363
-37.300	-7.200	0.338
-37.200	-7.200	0.338
-37.100	-7.200	0.255
-37.000	-7.200	0.246
-36.900	-7.200	0.227
-36.800	-7.200	0.214
-36.700	-7.200	0.167
-36.600	-7.200	0.158
-36.500	-7.200	0.148
-36.400	-7.200	0.121
-36.300	-7.200	0.116
-36.200	-7.200	0.112
-36.100	-7.200	0.108
-36.000	-7.200	0.105
-35.900	-7.200	0.101
-35.800	-7.200	0.087
-35.700	-7.200	0.084
-35.600	-7.200	0.083
-35.500	-7.200	0.080
-35.400	-7.200	0.079
-35.300	-7.200	0.076
-35.200	-7.200	0.074
-35.100	-7.200	0.072
-35.000	-7.200	0.070
-34.900	-7.200	0.068
-34.800	-7.200	0.057
-40.500	-7.300	0.039
-40.400	-7.300	0.045
-40.300	-7.300	0.047
-40.200	-7.300	0.048
-40.100	-7.300	0.051
-40.000	-7.300	0.052
-39.900	-7.300	0.053
-39.800	-7.300	0.056
-39.700	-7.300	0.058
-39.600	-7.300	0.069
-39.500	-7.300	0.072
-39.400	-7.300	0.076
-39.300	-7.300	0.078
-39.200	-7.300	0.082
-39.100	-7.300	0.085
-39.000	-7.300	0.102
-38.900	-7.300	0.107
-38.800	-7.300	0.112
-38.700	-7.300	0.118
-38.600	-7.300	0.124
-38.500	-7.300	0.155
-38.400	-7.300	0.165
-38.300	-7.300	0.174
-38.200	-7.300	0.222
-38.100	-7.300	0.232
-38.000	-7.300	0.245
-37.900	-7.300	0.251
-37.800	-7.300	0.259
-37.700	-7.300	0.261
-37.600	-7.300	0.323
-37.500	-7.300	0.260
-37.400	-7.300	0.260
-37.100	-7.300	0.232
-37.000	-7.300	0.222
-36.900	-7.300	0.175
-36.800	-7.300	0.166
-36.700	-7.300	0.156
-36.600	-7.300	0.148
-36.500	-7.300	0.122
-36.400	-7.300	0.117
-36.300	-7.300	0.111
-36.200	-7.300	0.108
-36.100	-7.300	0.104
-36.000	-7.300	0.088
-35.900	-7.300	0.087
-35.800	-7.300	0.084
-35.700	-7.300	0.081
-35.600	-7.300	0.080
-35.500	-7.300	0.077
-35.400	-7.300	0.075
-35.300	-7.300	0.074
-35.200	-7.300	0.072
-35.100	-7.300	0.070
-35.000	-7.300	0.068
-34.900	-7.300	0.057
-34.800	-7.300	0.055
-39.600	-7.400	0.067
-39.500	-7.400	0.071
-39.400	-7.400	0.073
-39.300	-7.400	0.076
-39.200	-7.400	0.080
-39.100	-7.400	0.083
-39.000	-7.400	0.087
-38.900	-7.400	0.103
-38.800	-7.400	0.108
-38.700	-7.400	0.113
-38.600	-7.400	0.119
-38.500	-7.400	0.123
-38.400	-7.400	0.155
-38.300	-7.400	0.163
-38.200	-7.400	0.171
-38.100	-7.400	0.177
-38.000	-7.400	0.225
-37.900	-7.400	0.230
-37.800	-7.400	0.239
-37.700	-7.400	0.239
-37.600	-7.400	0.244
-37.500	-7.400	0.239
-37.000	-7.400	0.172
-36.900	-7.400	0.163
-36.800	-7.400	0.155
-36.700	-7.400	0.148
-36.600	-7.400	0.120
-36.500	-7.400	0.116
-36.400	-7.400	0.112
-36.300	-7.400	0.108
-36.200	-7.400	0.104
-36.100	-7.400	0.088
-36.000	-7.400	0.086
-35.900	-7.400	0.083
-35.800	-7.400	0.081
-35.700	-7.400	0.079
-35.600	-7.400	0.077
-35.500	-7.400	0.075
-35.400	-7.400	0.073
-35.100	-7.400	0.058
-35.000	-7.400	0.056
-34.900	-7.400	0.055
-39.400	-7.500	0.072
-39.300	-7.500	0.074
-39.200	-7.500	0.077
-39.100	-7.500	0.081
-39.000	-7.500	0.084
-38.900	-7.500	0.086
-38.800	-7.500	0.104
-38.700	-7.500	0.108
-38.600	-7.500	0.113
-38.500	-7.500	0.118
-38.400	-7.500	0.123
-38.300	-7.500	0.150
-38.200	-7.500	0.157
-38.100	-7.500	0.163
-38.000	-7.500	0.170
-37.900	-7.500	0.173
-37.800	-7.500	0.177
-37.700	-7.500	0.214
-37.600	-7.500	0.217
-37.000	-7.500	0.158
-36.900	-7.500	0.152
-36.800	-7.500	0.123
-36.700	-7.500	0.119
-36.600	-7.500	0.115
-36.500	-7.500	0.111
-36.400	-7.500	0.107
-36.300	-7.500	0.103
-36.200	-7.500	0.088
-36.100	-7.500	0.086
-36.000	-7.500	0.083
-35.900	-7.500	0.080
-35.800	-7.500	0.079
-35.700	-7.500	0.077
-35.600	-7.500	0.074
-34.900	-7.500	0.054
-39.400	-7.600	0.069
-39.300	-7.600	0.072
-39.200	-7.600	0.075
-39.100	-7.600	0.078
-39.000	-7.600	0.082
-38.900	-7.600	0.084
-38.800	-7.600	0.087
-38.700	-7.600	0.103
-38.600	-7.600	0.108
-38.500	-7.600	0.112
-38.400	-7.600	0.116
-38.300	-7.600	0.120
-38.200	-7.600	0.124
-38.100	-7.600	0.151
-38.000	-7.600	0.156
-37.900	-7.600	0.160
-37.800	-7.600	0.163
-37.100	-7.600	0.151
-37.000	-7.600	0.147
-36.900	-7.600	0.121
-36.800	-7.600	0.117
-36.700	-7.600	0.114
-36.600	-7.600	0.110
-36.500	-7.600	0.106
-36.400	-7.600	0.102
-36.300	-7.600	0.087
-36.200	-7.600	0.085
-36.100	-7.600	0.082
-36.000	-7.600	0.081
-35.900	-7.600	0.078
-35.800	-7.600	0.076
-35.700	-7.600	0.074
-35.600	-7.600	0.072
-39.100	-7.700	0.076
-39.000	-7.700	0.079
-38.900	-7.700	0.082
-38.600	-7.700	0.103
-38.500	-7.700	0.107
-38.400	-7.700	0.110
-38.300	-7.700	0.114
-38.200	-7.700	0.117
-38.100	-7.700	0.120
-38.000	-7.700	0.122
-37.100	-7.700	0.121
-37.000	-7.700	0.117
-36.900	-7.700	0.115
-36.800	-7.700	0.111
-36.700	-7.700	0.108
-36.600	-7.700	0.104
-36.500	-7.700	0.102
-36.400	-7.700	0.087
-36.300	-7.700	0.084
-36.200	-7.700	0.082
-36.100	-7.700	0.080
-36.000	-7.700	0.077
-35.900	-7.700	0.075
-35.800	-7.700	0.073
-35.700	-7.700	0.072
-39.000	-7.800	0.076
-38.200	-7.800	0.110
-38.100	-7.800	0.113
-37.100	-7.800	0.114
-37.000	-7.800	0.111
-36.900	-7.800	0.108
-36.800	-7.800	0.106
-36.700	-7.800	0.103
-36.600	-7.800	0.088
-36.500	-7.800	0.085
-36.400	-7.800	0.083
-36.300	-7.800	0.080
-36.000	-7.800	0.074
-37.200	-7.900	0.109
-37.100	-7.900	0.107
-37.000	-7.900	0.104
-36.900	-7.900	0.103
-36.800	-7.900	0.088
-36.700	-7.900	0.085
-36.600	-7.900	0.084
-36.500	-7.900	0.082
-37.100	-8.000	0.101
-37.000	-8.000	0.087
-36.900	-8.000	0.085
-36.800	-8.000	0.084
-36.700	-8.000	0.082
-37.100	-8.100	0.084
-37.000	-8.100	0.082
-36.900	-8.100	0.082
-36.800	-8.100	0.081
-36.700	-8.100	0.078
-37.100	-8.200	0.080
-37.000	-8.200	0.079
-36.900	-8.200	0.078
