-40.500	-2.800	0.107
-41.200	-2.900	0.065
-41.100	-2.900	0.067
-41.000	-2.900	0.081
-40.900	-2.900	0.084
-40.800	-2.900	0.088
-40.700	-2.900	0.092
-40.600	-2.900	0.109
-40.500	-2.900	0.115
-40.400	-2.900	0.118
-40.300	-2.900	0.122
-40.200	-2.900	0.149
-40.100	-2.900	0.153
-40.000	-2.900	0.157
-39.900	-2.900	0.159
-41.200	-3.000	0.067
-41.100	-3.000	0.080
-41.000	-3.000	0.085
-40.900	-3.000	0.088
-40.800	-3.000	0.092
-40.700	-3.000	0.110
-40.600	-3.000	0.116
-40.500	-3.000	0.121
-40.400	-3.000	0.149
-40.300	-3.000	0.156
-40.200	-3.000	0.162
-40.100	-3.000	0.166
-40.000	-3.000	0.207
-39.900	-3.000	0.210
-39.800	-3.000	0.211
-39.700	-3.000	0.210
-41.200	-3.100	0.080
-41.100	-3.100	0.083
-41.000	-3.100	0.088
-40.900	-3.100	0.092
-40.800	-3.100	0.110
-40.700	-3.100	0.116
-40.600	-3.100	0.122
-40.500	-3.100	0.153
-40.400	-3.100	0.161
-40.300	-3.100	0.169
-40.200	-3.100	0.214
-40.100	-3.100	0.221
-40.000	-3.100	0.228
-39.900	-3.100	0.230
-39.800	-3.100	0.233
-39.700	-3.100	0.231
-39.600	-3.100	0.229
-41.300	-3.200	0.078
-41.200	-3.200	0.082
-41.100	-3.200	0.087
-41.000	-3.200	0.091
-40.900	-3.200	0.110
-40.800	-3.200	0.116
-40.700	-3.200	0.122
-40.600	-3.200	0.154
-40.500	-3.200	0.164
-40.400	-3.200	0.211
-40.300	-3.200	0.223
-40.200	-3.200	0.282
-40.100	-3.200	0.291
-40.000	-3.200	0.302
-39.900	-3.200	0.304
-39.800	-3.200	0.310
-39.700	-3.200	0.305
-39.600	-3.200	0.304
-39.500	-3.200	0.292
-39.400	-3.200	0.286
-41.300	-3.300	0.080
-41.200	-3.300	0.084
-41.100	-3.300	0.089
-41.000	-3.300	0.107
-40.900	-3.300	0.114
-40.800	-3.300	0.122
-40.700	-3.300	0.153
-40.600	-3.300	0.164
-40.500	-3.300	0.212
-40.400	-3.300	0.227
-40.300	-3.300	0.287
-40.200	-3.300	0.305
-40.100	-3.300	0.314
-40.000	-3.300	0.327
-39.900	-3.300	0.329
-39.800	-3.300	0.402
-39.700	-3.300	0.328
-39.600	-3.300	0.328
-39.500	-3.300	0.316
-39.400	-3.300	0.309
-39.300	-3.300	0.294
-39.200	-3.300	0.238
-41.300	-3.400	0.082
-41.200	-3.400	0.087
-41.100	-3.400	0.091
-41.000	-3.400	0.111
-40.900	-3.400	0.118
-40.800	-3.400	0.149
-40.700	-3.400	0.162
-40.600	-3.400	0.210
-40.500	-3.400	0.227
-40.400	-3.400	0.295
-40.300	-3.400	0.311
-40.200	-3.400	0.405
-40.100	-3.400	0.411
-40.000	-3.400	0.437
-39.900	-3.400	0.430
-39.800	-3.400	0.448
-39.700	-3.400	0.431
-39.600	-3.400	0.438
-39.500	-3.400	0.413
-39.400	-3.400	0.410
-39.300	-3.400	0.319
-39.200	-3.400	0.308
-39.100	-3.400	0.291
-41.300	-3.500	0.083
-41.200	-3.500	0.089
-41.100	-3.500	0.106
-41.000	-3.500	0.115
-40.900	-3.500	0.123
-40.800	-3.500	0.156
-40.700	-3.500	0.168
-40.600	-3.500	0.222
-40.500	-3.500	0.287
-40.400	-3.500	0.311
-40.300	-3.500	0.328
-40.200	-3.500	0.421
-40.100	-3.500	0.430
-40.000	-3.500	0.453
-39.900	-3.500	0.452
-39.800	-3.500	0.464
-39.700	-3.500	0.453
-39.600	-3.500	0.455
-39.500	-3.500	0.434
-39.400	-3.500	0.428
-39.300	-3.500	0.401
-39.200	-3.500	0.326
-39.100	-3.500	0.311
-39.000	-3.500	0.302
-41.300	-3.600	0.085
-41.200	-3.600	0.089
-41.100	-3.600	0.110
-41.000	-3.600	0.117
-40.900	-3.600	0.149
-40.800	-3.600	0.161
-40.700	-3.600	0.214
-40.600	-3.600	0.282
-40.500	-3.600	0.305
-40.400	-3.600	0.405
-40.300	-3.600	0.421
-40.200	-3.600	0.557
-40.100	-3.600	0.464
-40.000	-3.600	0.603
-39.900	-3.600	0.581
-39.800	-3.600	0.620
-39.700	-3.600	0.581
-39.600	-3.600	0.606
-39.500	-3.600	0.468
-39.400	-3.600	0.565
-39.300	-3.600	0.434
-39.200	-3.600	0.426
-39.100	-3.600	0.333
-39.000	-3.600	0.325
-38.900	-3.600	0.315
-38.800	-3.600	0.314
-41.200	-3.700	0.091
-41.100	-3.700	0.112
-41.000	-3.700	0.120
-40.900	-3.700	0.153
-40.800	-3.700	0.166
-40.700	-3.700	0.221
-40.600	-3.700	0.290
-40.500	-3.700	0.313
-40.400	-3.700	0.410
-40.300	-3.700	0.430
-40.200	-3.700	0.463
-40.100	-3.700	0.473
-40.000	-3.700	0.595
-39.900	-3.700	0.588
-39.800	-3.700	0.612
-39.700	-3.700	0.589
-39.600	-3.700	0.599
-39.500	-3.700	0.564
-39.400	-3.700	0.560
-39.300	-3.700	0.445
-39.200	-3.700	0.435
-39.100	-3.700	0.412
-39.000	-3.700	0.407
-38.900	-3.700	0.333
-38.800	-3.700	0.399
-38.700	-3.700	0.332
-38.600	-3.700	0.405
-41.200	-3.800	0.092
-41.100	-3.800	0.113
-41.000	-3.800	0.121
-40.900	-3.800	0.156
-40.800	-3.800	0.206
-40.700	-3.800	0.228
-40.600	-3.800	0.303
-40.500	-3.800	0.326
-40.400	-3.800	0.437
-40.300	-3.800	0.453
-40.200	-3.800	0.604
-40.100	-3.800	0.595
-40.000	-3.800	0.780
-39.900	-3.800	0.626
-39.800	-3.800	0.802
-39.700	-3.800	0.628
-39.600	-3.800	0.785
-39.500	-3.800	0.602
-39.400	-3.800	0.615
-39.300	-3.800	0.471
-39.200	-3.800	0.564
-39.100	-3.800	0.439
-39.000	-3.800	0.440
-38.900	-3.800	0.426
-38.800	-3.800	0.439
-38.700	-3.800	0.430
-38.600	-3.800	0.448
-38.500	-3.800	0.437
-41.200	-3.900	0.092
-41.100	-3.900	0.114
-41.000	-3.900	0.123
-40.900	-3.900	0.158
-40.800	-3.900	0.210
-40.700	-3.900	0.230
-40.600	-3.900	0.304
-40.500	-3.900	0.328
-40.400	-3.900	0.431
-40.300	-3.900	0.451
-40.200	-3.900	0.580
-40.100	-3.900	0.587
-40.000	-3.900	0.626
-39.900	-3.900	0.617
-39.800	-3.900	0.642
-39.700	-3.900	0.619
-39.600	-3.900	0.629
-39.500	-3.900	0.596
-39.400	-3.900	0.594
-39.300	-3.900	0.472
-39.200	-3.900	0.465
-39.100	-3.900	0.446
-39.000	-3.900	0.446
-38.900	-3.900	0.438
-38.800	-3.900	0.450
-38.700	-3.900	0.448
-38.600	-3.900	0.463
-38.500	-3.900	0.457
-38.400	-3.900	0.467
-41.200	-4.000	0.093
-41.100	-4.000	0.115
-41.000	-4.000	0.123
-40.900	-4.000	0.159
-40.800	-4.000	0.211
-40.700	-4.000	0.233
-40.600	-4.000	0.310
-40.500	-4.000	0.402
-40.400	-4.000	0.448
-40.300	-4.000	0.464
-40.200	-4.000	0.619
-40.100	-4.000	0.611
-40.000	-4.000	0.802
-39.900	-4.000	0.642
-39.800	-4.000	0.825
-39.700	-4.000	0.644
-39.600	-4.000	0.808
-39.500	-4.000	0.621
-39.400	-4.000	0.636
-39.300	-4.000	0.582
-39.200	-4.000	0.593
-39.100	-4.000	0.466
-39.000	-4.000	0.575
-38.900	-4.000	0.465
-38.800	-4.000	0.589
-38.700	-4.000	0.570
-38.600	-4.000	0.613
-38.500	-4.000	0.585
-38.400	-4.000	0.622
-38.300	-4.000	0.582
-41.100	-4.100	0.115
-41.000	-4.100	0.122
-40.900	-4.100	0.158
-40.800	-4.100	0.210
-40.700	-4.100	0.230
-40.600	-4.100	0.304
-40.500	-4.100	0.328
-40.400	-4.100	0.431
-40.300	-4.100	0.451
-40.200	-4.100	0.580
-40.100	-4.100	0.588
-40.000	-4.100	0.625
-39.900	-4.100	0.617
-39.800	-4.100	0.642
-39.700	-4.100	0.620
-39.600	-4.100	0.631
-39.500	-4.100	0.598
-39.400	-4.100	0.599
-39.300	-4.100	0.566
-39.200	-4.100	0.566
-39.100	-4.100	0.462
-39.000	-4.100	0.470
-38.900	-4.100	0.467
-38.800	-4.100	0.578
-38.700	-4.100	0.574
-38.600	-4.100	0.604
-38.500	-4.100	0.592
-38.400	-4.100	0.613
-38.300	-4.100	0.588
-38.200	-4.100	0.596
-41.100	-4.200	0.113
-41.000	-4.200	0.121
-40.900	-4.200	0.156
-40.800	-4.200	0.206
-40.700	-4.200	0.228
-40.600	-4.200	0.303
-40.500	-4.200	0.327
-40.400	-4.200	0.437
-40.300	-4.200	0.453
-40.200	-4.200	0.603
-40.100	-4.200	0.596
-40.000	-4.200	0.781
-39.900	-4.200	0.627
-39.800	-4.200	0.804
-39.700	-4.200	0.629
-39.600	-4.200	0.788
-39.500	-4.200	0.609
-39.400	-4.200	0.627
-39.300	-4.200	0.579
-39.200	-4.200	0.597
-39.100	-4.200	0.564
-39.000	-4.200	0.597
-38.900	-4.200	0.579
-38.800	-4.200	0.627
-38.700	-4.200	0.609
-38.600	-4.200	0.788
-38.500	-4.200	0.630
-38.400	-4.200	0.804
-38.300	-4.200	0.626
-38.200	-4.200	0.780
-38.100	-4.200	0.596
-41.100	-4.300	0.112
-41.000	-4.300	0.119
-40.900	-4.300	0.153
-40.800	-4.300	0.167
-40.700	-4.300	0.221
-40.600	-4.300	0.291
-40.500	-4.300	0.314
-40.400	-4.300	0.411
-40.300	-4.300	0.431
-40.200	-4.300	0.463
-40.100	-4.300	0.473
-40.000	-4.300	0.595
-39.900	-4.300	0.588
-39.800	-4.300	0.613
-39.700	-4.300	0.592
-39.600	-4.300	0.604
-39.500	-4.300	0.574
-39.400	-4.300	0.578
-39.300	-4.300	0.467
-39.200	-4.300	0.471
-39.100	-4.300	0.462
-39.000	-4.300	0.566
-38.900	-4.300	0.565
-38.800	-4.300	0.599
-38.700	-4.300	0.599
-38.600	-4.300	0.631
-38.500	-4.300	0.620
-38.400	-4.300	0.643
-38.300	-4.300	0.618
-38.200	-4.300	0.626
-38.100	-4.300	0.587
-38.000	-4.300	0.580
-41.100	-4.400	0.109
-41.000	-4.400	0.118
-40.900	-4.400	0.150
-40.800	-4.400	0.162
-40.700	-4.400	0.215
-40.600	-4.400	0.283
-40.500	-4.400	0.305
-40.400	-4.400	0.405
-40.300	-4.400	0.421
-40.200	-4.400	0.558
-40.100	-4.400	0.464
-40.000	-4.400	0.604
-39.900	-4.400	0.582
-39.800	-4.400	0.622
-39.700	-4.400	0.585
-39.600	-4.400	0.613
-39.500	-4.400	0.570
-39.400	-4.400	0.589
-39.300	-4.400	0.465
-39.200	-4.400	0.575
-39.100	-4.400	0.466
-39.000	-4.400	0.594
-38.900	-4.400	0.582
-38.800	-4.400	0.635
-38.700	-4.400	0.620
-38.600	-4.400	0.807
-38.500	-4.400	0.645
-38.400	-4.400	0.825
-38.300	-4.400	0.642
-38.200	-4.400	0.802
-38.100	-4.400	0.611
-38.000	-4.400	0.619
-37.900	-4.400	0.465
-37.800	-4.400	0.449
-41.100	-4.500	0.107
-41.000	-4.500	0.114
-40.900	-4.500	0.123
-40.800	-4.500	0.156
-40.700	-4.500	0.169
-40.600	-4.500	0.222
-40.500	-4.500	0.287
-40.400	-4.500	0.311
-40.300	-4.500	0.329
-40.200	-4.500	0.422
-40.100	-4.500	0.431
-40.000	-4.500	0.454
-39.900	-4.500	0.453
-39.800	-4.500	0.466
-39.700	-4.500	0.457
-39.600	-4.500	0.463
-39.500	-4.500	0.448
-39.400	-4.500	0.450
-39.300	-4.500	0.438
-39.200	-4.500	0.447
-39.100	-4.500	0.445
-39.000	-4.500	0.465
-38.900	-4.500	0.472
-38.800	-4.500	0.594
-38.700	-4.500	0.595
-38.600	-4.500	0.630
-38.500	-4.500	0.619
-38.400	-4.500	0.643
-38.300	-4.500	0.617
-38.200	-4.500	0.625
-38.100	-4.500	0.587
-38.000	-4.500	0.580
-37.900	-4.500	0.452
-37.800	-4.500	0.432
-41.200	-4.600	0.087
-41.100	-4.600	0.092
-41.000	-4.600	0.112
-40.900	-4.600	0.119
-40.800	-4.600	0.149
-40.700	-4.600	0.162
-40.600	-4.600	0.211
-40.500	-4.600	0.227
-40.400	-4.600	0.296
-40.300	-4.600	0.312
-40.200	-4.600	0.406
-40.100	-4.600	0.411
-40.000	-4.600	0.438
-39.900	-4.600	0.433
-39.800	-4.600	0.452
-39.700	-4.600	0.437
-39.600	-4.600	0.448
-39.500	-4.600	0.430
-39.400	-4.600	0.438
-39.300	-4.600	0.425
-39.200	-4.600	0.441
-39.100	-4.600	0.440
-39.000	-4.600	0.565
-38.900	-4.600	0.471
-38.800	-4.600	0.615
-38.700	-4.600	0.603
-38.600	-4.600	0.784
-38.500	-4.600	0.628
-38.400	-4.600	0.803
-38.300	-4.600	0.627
-38.200	-4.600	0.780
-38.100	-4.600	0.596
-38.000	-4.600	0.604
-37.900	-4.600	0.455
-37.800	-4.600	0.439
-37.700	-4.600	0.329
-41.200	-4.700	0.084
-41.100	-4.700	0.090
-41.000	-4.700	0.108
-40.900	-4.700	0.115
-40.800	-4.700	0.122
-40.700	-4.700	0.153
-40.600	-4.700	0.164
-40.500	-4.700	0.213
-40.400	-4.700	0.228
-40.300	-4.700	0.287
-40.200	-4.700	0.306
-40.100	-4.700	0.315
-40.000	-4.700	0.328
-39.900	-4.700	0.331
-39.800	-4.700	0.406
-39.700	-4.700	0.334
-39.600	-4.700	0.405
-39.500	-4.700	0.332
-39.400	-4.700	0.399
-39.300	-4.700	0.333
-39.200	-4.700	0.407
-39.100	-4.700	0.413
-39.000	-4.700	0.435
-38.900	-4.700	0.446
-38.800	-4.700	0.561
-38.700	-4.700	0.565
-38.600	-4.700	0.598
-38.500	-4.700	0.589
-38.400	-4.700	0.612
-38.300	-4.700	0.588
-38.200	-4.700	0.597
-38.100	-4.700	0.473
-38.000	-4.700	0.464
-37.900	-4.700	0.433
-37.800	-4.700	0.413
-37.700	-4.700	0.319
-37.600	-4.700	0.297
-37.500	-4.700	0.230
-37.400	-4.700	0.214
-41.200	-4.800	0.082
-41.100	-4.800	0.087
-41.000	-4.800	0.091
-40.900	-4.800	0.110
-40.800	-4.800	0.117
-40.700	-4.800	0.123
-40.600	-4.800	0.155
-40.500	-4.800	0.164
-40.400	-4.800	0.211
-40.300	-4.800	0.224
-40.200	-4.800	0.283
-40.100	-4.800	0.292
-40.000	-4.800	0.305
-39.900	-4.800	0.307
-39.800	-4.800	0.315
-39.700	-4.800	0.312
-39.600	-4.800	0.315
-39.500	-4.800	0.312
-39.400	-4.800	0.316
-39.300	-4.800	0.316
-39.200	-4.800	0.326
-39.100	-4.800	0.334
-39.000	-4.800	0.426
-38.900	-4.800	0.434
-38.800	-4.800	0.566
-38.700	-4.800	0.468
-38.600	-4.800	0.606
-38.500	-4.800	0.582
-38.400	-4.800	0.620
-38.300	-4.800	0.581
-38.200	-4.800	0.605
-38.100	-4.800	0.465
-38.000	-4.800	0.560
-37.900	-4.800	0.425
-37.800	-4.800	0.410
-37.700	-4.800	0.312
-37.600	-4.800	0.292
-37.500	-4.800	0.228
-37.400	-4.800	0.212
-37.300	-4.800	0.173
-41.200	-4.900	0.080
-41.100	-4.900	0.084
-41.000	-4.900	0.088
-40.900	-4.900	0.093
-40.800	-4.900	0.111
-40.700	-4.900	0.118
-40.600	-4.900	0.124
-40.500	-4.900	0.155
-40.400	-4.900	0.162
-40.300	-4.900	0.205
-40.200	-4.900	0.216
-40.100	-4.900	0.223
-40.000	-4.900	0.230
-39.900	-4.900	0.233
-39.800	-4.900	0.238
-39.700	-4.900	0.238
-39.600	-4.900	0.286
-39.500	-4.900	0.240
-39.400	-4.900	0.290
-39.300	-4.900	0.292
-39.200	-4.900	0.303
-39.100	-4.900	0.312
-39.000	-4.900	0.327
-38.900	-4.900	0.403
-38.800	-4.900	0.428
-38.700	-4.900	0.435
-38.600	-4.900	0.457
-38.500	-4.900	0.454
-38.400	-4.900	0.467
-38.300	-4.900	0.453
-38.200	-4.900	0.456
-38.100	-4.900	0.435
-38.000	-4.900	0.427
-37.900	-4.900	0.336
-37.800	-4.900	0.321
-37.700	-4.900	0.300
-37.600	-4.900	0.239
-37.500	-4.900	0.225
-37.400	-4.900	0.212
-37.300	-4.900	0.176
-41.100	-5.000	0.081
-41.000	-5.000	0.086
-40.900	-5.000	0.089
-40.800	-5.000	0.094
-40.700	-5.000	0.112
-40.600	-5.000	0.117
-40.500	-5.000	0.123
-40.400	-5.000	0.153
-40.300	-5.000	0.158
-40.200	-5.000	0.164
-40.100	-5.000	0.170
-40.000	-5.000	0.210
-39.900	-5.000	0.214
-39.800	-5.000	0.218
-39.700	-5.000	0.219
-39.600	-5.000	0.221
-39.500	-5.000	0.223
-39.400	-5.000	0.226
-39.300	-5.000	0.230
-39.200	-5.000	0.237
-39.100	-5.000	0.293
-39.000	-5.000	0.309
-38.900	-5.000	0.321
-38.800	-5.000	0.412
-38.700	-5.000	0.415
-38.600	-5.000	0.440
-38.500	-5.000	0.435
-38.400	-5.000	0.451
-38.300	-5.000	0.436
-38.200	-5.000	0.443
-38.100	-5.000	0.419
-38.000	-5.000	0.415
-37.900	-5.000	0.326
-37.800	-5.000	0.313
-37.700	-5.000	0.295
-37.600	-5.000	0.238
-37.500	-5.000	0.226
-37.400	-5.000	0.216
-37.300	-5.000	0.180
-37.200	-5.000	0.175
-37.100	-5.000	0.172
-37.000	-5.000	0.170
-36.900	-5.000	0.171
-41.000	-5.100	0.082
-40.900	-5.100	0.086
-40.800	-5.100	0.090
-40.700	-5.100	0.093
-40.600	-5.100	0.111
-40.500	-5.100	0.117
-40.400	-5.100	0.121
-40.300	-5.100	0.125
-40.200	-5.100	0.154
-40.100	-5.100	0.156
-40.000	-5.100	0.161
-39.900	-5.100	0.164
-39.800	-5.100	0.167
-39.700	-5.100	0.168
-39.600	-5.100	0.171
-39.500	-5.100	0.173
-39.400	-5.100	0.210
-39.300	-5.100	0.214
-39.200	-5.100	0.222
-39.100	-5.100	0.230
-39.000	-5.100	0.240
-38.900	-5.100	0.297
-38.800	-5.100	0.312
-38.700	-5.100	0.321
-38.600	-5.100	0.332
-38.500	-5.100	0.334
-38.400	-5.100	0.410
-38.300	-5.100	0.338
-38.200	-5.100	0.404
-38.100	-5.100	0.329
-38.000	-5.100	0.325
-37.900	-5.100	0.313
-37.800	-5.100	0.304
-37.700	-5.100	0.290
-37.600	-5.100	0.239
-37.500	-5.100	0.231
-37.400	-5.100	0.224
-37.300	-5.100	0.216
-37.200	-5.100	0.183
-37.100	-5.100	0.180
-37.000	-5.100	0.178
-36.900	-5.100	0.179
-36.800	-5.100	0.212
-36.700	-5.100	0.221
-36.600	-5.100	0.233
-36.500	-5.100	0.293
-36.400	-5.100	0.315
-36.300	-5.100	0.330
-36.200	-5.100	0.422
-36.100	-5.100	0.431
-36.000	-5.100	0.453
-35.900	-5.100	0.451
-35.800	-5.100	0.464
-40.900	-5.200	0.083
-40.800	-5.200	0.086
-40.700	-5.200	0.089
-40.600	-5.200	0.093
-40.500	-5.200	0.110
-40.400	-5.200	0.113
-40.300	-5.200	0.117
-40.200	-5.200	0.121
-40.100	-5.200	0.124
-40.000	-5.200	0.150
-39.900	-5.200	0.154
-39.800	-5.200	0.156
-39.700	-5.200	0.159
-39.600	-5.200	0.161
-39.500	-5.200	0.164
-39.400	-5.200	0.167
-39.300	-5.200	0.172
-39.200	-5.200	0.174
-39.100	-5.200	0.215
-39.000	-5.200	0.225
-38.900	-5.200	0.234
-38.800	-5.200	0.292
-38.700	-5.200	0.301
-38.600	-5.200	0.312
-38.500	-5.200	0.315
-38.400	-5.200	0.324
-38.300	-5.200	0.322
-38.200	-5.200	0.325
-38.100	-5.200	0.319
-38.000	-5.200	0.318
-37.900	-5.200	0.310
-37.800	-5.200	0.307
-37.700	-5.200	0.298
-37.600	-5.200	0.292
-37.500	-5.200	0.241
-37.400	-5.200	0.235
-37.300	-5.200	0.229
-37.200	-5.200	0.224
-37.100	-5.200	0.219
-37.000	-5.200	0.217
-36.900	-5.200	0.219
-36.800	-5.200	0.224
-36.700	-5.200	0.233
-36.600	-5.200	0.294
-36.500	-5.200	0.313
-36.400	-5.200	0.409
-36.300	-5.200	0.424
-36.200	-5.200	0.558
-36.100	-5.200	0.464
-36.000	-5.200	0.603
-35.900	-5.200	0.580
-35.800	-5.200	0.619
-35.700	-5.200	0.580
-35.600	-5.200	0.603
-35.500	-5.200	0.464
-40.900	-5.300	0.080
-40.800	-5.300	0.083
-40.700	-5.300	0.086
-40.600	-5.300	0.088
-40.500	-5.300	0.091
-40.400	-5.300	0.094
-40.300	-5.300	0.111
-40.200	-5.300	0.114
-40.100	-5.300	0.118
-40.000	-5.300	0.120
-39.900	-5.300	0.123
-39.800	-5.300	0.125
-39.700	-5.300	0.127
-39.600	-5.300	0.129
-39.500	-5.300	0.154
-39.400	-5.300	0.157
-39.300	-5.300	0.163
-39.200	-5.300	0.167
-39.100	-5.300	0.173
-39.000	-5.300	0.210
-38.900	-5.300	0.219
-38.800	-5.300	0.229
-38.700	-5.300	0.237
-38.600	-5.300	0.290
-38.500	-5.300	0.295
-38.400	-5.300	0.305
-38.300	-5.300	0.307
-38.200	-5.300	0.313
-38.100	-5.300	0.312
-38.000	-5.300	0.316
-37.900	-5.300	0.314
-37.800	-5.300	0.315
-37.700	-5.300	0.310
-37.600	-5.300	0.309
-37.500	-5.300	0.302
-37.400	-5.300	0.298
-37.300	-5.300	0.245
-37.200	-5.300	0.240
-37.100	-5.300	0.235
-37.000	-5.300	0.232
-36.900	-5.300	0.232
-36.800	-5.300	0.235
-36.700	-5.300	0.243
-36.600	-5.300	0.305
-36.500	-5.300	0.322
-36.400	-5.300	0.414
-36.300	-5.300	0.433
-36.200	-5.300	0.464
-36.100	-5.300	0.473
-36.000	-5.300	0.595
-35.900	-5.300	0.587
-35.800	-5.300	0.610
-35.700	-5.300	0.586
-35.600	-5.300	0.595
-35.500	-5.300	0.472
-35.400	-5.300	0.463
-40.900	-5.400	0.067
-40.800	-5.400	0.080
-40.700	-5.400	0.083
-40.600	-5.400	0.085
-40.500	-5.400	0.088
-40.400	-5.400	0.090
-40.300	-5.400	0.092
-40.200	-5.400	0.096
-40.100	-5.400	0.111
-40.000	-5.400	0.114
-39.900	-5.400	0.115
-39.800	-5.400	0.118
-39.700	-5.400	0.120
-39.600	-5.400	0.123
-39.500	-5.400	0.126
-39.400	-5.400	0.129
-39.300	-5.400	0.153
-39.200	-5.400	0.159
-39.100	-5.400	0.165
-39.000	-5.400	0.171
-38.900	-5.400	0.178
-38.800	-5.400	0.215
-38.700	-5.400	0.224
-38.600	-5.400	0.234
-38.500	-5.400	0.241
-38.400	-5.400	0.295
-38.300	-5.400	0.303
-38.200	-5.400	0.313
-38.100	-5.400	0.319
-38.000	-5.400	0.328
-37.900	-5.400	0.330
-37.800	-5.400	0.403
-37.700	-5.400	0.335
-37.600	-5.400	0.404
-37.500	-5.400	0.329
-37.400	-5.400	0.327
-37.300	-5.400	0.316
-37.200	-5.400	0.309
-37.100	-5.400	0.299
-37.000	-5.400	0.292
-36.900	-5.400	0.245
-36.800	-5.400	0.293
-36.700	-5.400	0.302
-36.600	-5.400	0.320
-36.500	-5.400	0.403
-36.400	-5.400	0.442
-36.300	-5.400	0.457
-36.200	-5.400	0.604
-36.100	-5.400	0.597
-36.000	-5.400	0.780
-35.900	-5.400	0.626
-35.800	-5.400	0.801
-35.700	-5.400	0.626
-35.600	-5.400	0.780
-35.500	-5.400	0.596
-35.400	-5.400	0.604
-40.900	-5.500	0.065
-40.800	-5.500	0.067
-40.700	-5.500	0.069
-40.600	-5.500	0.082
-40.500	-5.500	0.084
-40.400	-5.500	0.086
-40.300	-5.500	0.089
-40.200	-5.500	0.091
-40.100	-5.500	0.094
-40.000	-5.500	0.095
-39.900	-5.500	0.110
-39.800	-5.500	0.113
-39.700	-5.500	0.115
-39.600	-5.500	0.118
-39.500	-5.500	0.121
-39.400	-5.500	0.124
-39.300	-5.500	0.128
-39.200	-5.500	0.131
-39.100	-5.500	0.158
-39.000	-5.500	0.165
-38.900	-5.500	0.172
-38.800	-5.500	0.178
-38.700	-5.500	0.216
-38.600	-5.500	0.228
-38.500	-5.500	0.238
-38.400	-5.500	0.293
-38.300	-5.500	0.305
-38.200	-5.500	0.321
-38.100	-5.500	0.330
-38.000	-5.500	0.408
-37.900	-5.500	0.412
-37.800	-5.500	0.430
-37.700	-5.500	0.425
-37.600	-5.500	0.435
-37.500	-5.500	0.423
-37.400	-5.500	0.424
-37.300	-5.500	0.343
-37.200	-5.500	0.336
-37.100	-5.500	0.322
-37.000	-5.500	0.315
-36.900	-5.500	0.306
-36.800	-5.500	0.307
-36.700	-5.500	0.311
-36.600	-5.500	0.326
-36.500	-5.500	0.404
-36.400	-5.500	0.438
-36.300	-5.500	0.455
-36.200	-5.500	0.582
-36.100	-5.500	0.587
-36.000	-5.500	0.626
-35.900	-5.500	0.616
-35.800	-5.500	0.641
-35.700	-5.500	0.616
-35.600	-5.500	0.625
-35.500	-5.500	0.587
-35.400	-5.500	0.579
-35.300	-5.500	0.451
-40.900	-5.600	0.063
-40.800	-5.600	0.065
-40.700	-5.600	0.067
-40.600	-5.600	0.069
-40.500	-5.600	0.081
-40.400	-5.600	0.083
-40.300	-5.600	0.085
-40.200	-5.600	0.087
-40.100	-5.600	0.090
-40.000	-5.600	0.092
-39.900	-5.600	0.094
-39.800	-5.600	0.096
-39.700	-5.600	0.098
-39.600	-5.600	0.114
-39.500	-5.600	0.116
-39.400	-5.600	0.120
-39.300	-5.600	0.124
-39.200	-5.600	0.128
-39.100	-5.600	0.132
-39.000	-5.600	0.160
-38.900	-5.600	0.167
-38.800	-5.600	0.175
-38.700	-5.600	0.214
-38.600	-5.600	0.227
-38.500	-5.600	0.240
-38.400	-5.600	0.302
-38.300	-5.600	0.319
-38.200	-5.600	0.408
-38.100	-5.600	0.420
-38.000	-5.600	0.452
-37.900	-5.600	0.455
-37.800	-5.600	0.580
-37.700	-5.600	0.473
-37.600	-5.600	0.593
-37.500	-5.600	0.471
-37.400	-5.600	0.577
-37.300	-5.600	0.451
-37.200	-5.600	0.448
-37.100	-5.600	0.418
-37.000	-5.600	0.410
-36.900	-5.600	0.329
-36.800	-5.600	0.325
-36.700	-5.600	0.326
-36.600	-5.600	0.406
-36.500	-5.600	0.420
-36.400	-5.600	0.552
-36.300	-5.600	0.470
-36.200	-5.600	0.622
-36.100	-5.600	0.612
-36.000	-5.600	0.802
-35.900	-5.600	0.642
-35.800	-5.600	0.823
-35.700	-5.600	0.642
-35.600	-5.600	0.801
-35.500	-5.600	0.611
-35.400	-5.600	0.619
-35.300	-5.600	0.465
-40.900	-5.700	0.061
-40.800	-5.700	0.063
-40.700	-5.700	0.065
-40.600	-5.700	0.067
-40.500	-5.700	0.068
-40.400	-5.700	0.070
-40.300	-5.700	0.082
-40.200	-5.700	0.084
-40.100	-5.700	0.087
-40.000	-5.700	0.088
-39.900	-5.700	0.091
-39.800	-5.700	0.093
-39.700	-5.700	0.096
-39.600	-5.700	0.098
-39.500	-5.700	0.113
-39.400	-5.700	0.117
-39.300	-5.700	0.121
-39.200	-5.700	0.125
-39.100	-5.700	0.131
-39.000	-5.700	0.157
-38.900	-5.700	0.166
-38.800	-5.700	0.175
-38.700	-5.700	0.215
-38.600	-5.700	0.231
-38.500	-5.700	0.246
-38.400	-5.700	0.314
-38.300	-5.700	0.333
-38.200	-5.700	0.427
-38.100	-5.700	0.443
-38.000	-5.700	0.474
-37.900	-5.700	0.482
-37.800	-5.700	0.601
-37.700	-5.700	0.591
-37.600	-5.700	0.615
-37.500	-5.700	0.590
-37.400	-5.700	0.600
-37.300	-5.700	0.482
-37.200	-5.700	0.473
-37.100	-5.700	0.445
-37.000	-5.700	0.431
-36.900	-5.700	0.406
-36.800	-5.700	0.337
-36.700	-5.700	0.332
-36.600	-5.700	0.402
-36.500	-5.700	0.414
-36.400	-5.700	0.442
-36.300	-5.700	0.458
-36.200	-5.700	0.583
-36.100	-5.700	0.588
-36.000	-5.700	0.626
-35.900	-5.700	0.617
-35.800	-5.700	0.641
-35.700	-5.700	0.616
-35.600	-5.700	0.625
-35.500	-5.700	0.587
-35.400	-5.700	0.579
-35.300	-5.700	0.451
-35.200	-5.700	0.431
-40.900	-5.800	0.059
-40.800	-5.800	0.060
-40.700	-5.800	0.062
-40.600	-5.800	0.064
-40.500	-5.800	0.066
-40.400	-5.800	0.067
-40.300	-5.800	0.069
-40.200	-5.800	0.081
-40.100	-5.800	0.083
-40.000	-5.800	0.086
-39.900	-5.800	0.087
-39.800	-5.800	0.090
-39.700	-5.800	0.093
-39.600	-5.800	0.096
-39.500	-5.800	0.099
-39.400	-5.800	0.115
-39.300	-5.800	0.119
-39.200	-5.800	0.124
-39.100	-5.800	0.129
-39.000	-5.800	0.156
-38.900	-5.800	0.166
-38.800	-5.800	0.177
-38.700	-5.800	0.220
-38.600	-5.800	0.238
-38.500	-5.800	0.305
-38.400	-5.800	0.400
-38.300	-5.800	0.424
-38.200	-5.800	0.565
-38.100	-5.800	0.573
-38.000	-5.800	0.638
-37.900	-5.800	0.628
-37.800	-5.800	0.821
-37.700	-5.800	0.658
-37.600	-5.800	0.842
-37.500	-5.800	0.658
-37.400	-5.800	0.821
-37.300	-5.800	0.629
-37.200	-5.800	0.639
-37.100	-5.800	0.575
-37.000	-5.800	0.573
-36.900	-5.800	0.439
-36.800	-5.800	0.430
-36.700	-5.800	0.410
-36.600	-5.800	0.420
-36.500	-5.800	0.423
-36.400	-5.800	0.452
-36.300	-5.800	0.462
-36.200	-5.800	0.608
-36.100	-5.800	0.599
-36.000	-5.800	0.781
-35.900	-5.800	0.627
-35.800	-5.800	0.801
-35.700	-5.800	0.626
-35.600	-5.800	0.780
-35.500	-5.800	0.596
-35.400	-5.800	0.604
-35.300	-5.800	0.454
-35.200	-5.800	0.437
-40.800	-5.900	0.059
-40.700	-5.900	0.060
-40.600	-5.900	0.062
-40.500	-5.900	0.064
-40.400	-5.900	0.066
-40.300	-5.900	0.067
-40.200	-5.900	0.069
-40.100	-5.900	0.081
-40.000	-5.900	0.083
-39.900	-5.900	0.086
-39.800	-5.900	0.088
-39.700	-5.900	0.091
-39.600	-5.900	0.094
-39.500	-5.900	0.097
-39.400	-5.900	0.112
-39.300	-5.900	0.117
-39.200	-5.900	0.123
-39.100	-5.900	0.129
-39.000	-5.900	0.156
-38.900	-5.900	0.167
-38.800	-5.900	0.179
-38.700	-5.900	0.226
-38.600	-5.900	0.289
-38.500	-5.900	0.317
-38.400	-5.900	0.412
-38.300	-5.900	0.442
-38.200	-5.900	0.571
-38.100	-5.900	0.593
-38.000	-5.900	0.643
-37.900	-5.900	0.650
-37.800	-5.900	0.806
-37.700	-5.900	0.679
-37.600	-5.900	0.827
-37.500	-5.900	0.679
-37.400	-5.900	0.806
-37.300	-5.900	0.650
-37.200	-5.900	0.645
-37.100	-5.900	0.595
-37.000	-5.900	0.577
-36.900	-5.900	0.454
-36.800	-5.900	0.436
-36.700	-5.900	0.414
-36.600	-5.900	0.412
-36.500	-5.900	0.412
-36.400	-5.900	0.431
-36.300	-5.900	0.443
-36.200	-5.900	0.469
-36.100	-5.900	0.476
-36.000	-5.900	0.596
-35.900	-5.900	0.588
-35.800	-5.900	0.610
-35.700	-5.900	0.588
-35.600	-5.900	0.595
-35.500	-5.900	0.473
-35.400	-5.900	0.463
-35.300	-5.900	0.431
-35.200	-5.900	0.411
-40.800	-6.000	0.050
-40.700	-6.000	0.059
-40.600	-6.000	0.060
-40.500	-6.000	0.062
-40.400	-6.000	0.064
-40.300	-6.000	0.065
-40.200	-6.000	0.067
-40.100	-6.000	0.069
-40.000	-6.000	0.071
-39.900	-6.000	0.083
-39.800	-6.000	0.086
-39.700	-6.000	0.089
-39.600	-6.000	0.092
-39.500	-6.000	0.096
-39.400	-6.000	0.100
-39.300	-6.000	0.116
-39.200	-6.000	0.122
-39.100	-6.000	0.129
-39.000	-6.000	0.157
-38.900	-6.000	0.169
-38.800	-6.000	0.212
-38.700	-6.000	0.233
-38.600	-6.000	0.304
-38.500	-6.000	0.333
-38.400	-6.000	0.446
-38.300	-6.000	0.473
-38.200	-6.000	0.638
-38.100	-6.000	0.644
-38.000	-6.000	0.865
-37.900	-6.000	0.827
-37.800	-6.000	0.932
-37.700	-6.000	0.868
-37.600	-6.000	0.956
-37.500	-6.000	0.868
-37.400	-6.000	0.932
-37.300	-6.000	0.828
-37.200	-6.000	0.866
-37.100	-6.000	0.648
-37.000	-6.000	0.643
-36.900	-6.000	0.571
-36.800	-6.000	0.559
-36.700	-6.000	0.431
-36.600	-6.000	0.425
-36.500	-6.000	0.415
-36.400	-6.000	0.433
-36.300	-6.000	0.437
-36.200	-6.000	0.565
-36.100	-6.000	0.468
-36.000	-6.000	0.605
-35.900	-6.000	0.581
-35.800	-6.000	0.619
-35.700	-6.000	0.580
-35.600	-6.000	0.603
-35.500	-6.000	0.464
-35.400	-6.000	0.557
-35.300	-6.000	0.422
-35.200	-6.000	0.405
-40.800	-6.100	0.049
-40.700	-6.100	0.050
-40.600	-6.100	0.059
-40.500	-6.100	0.060
-40.400	-6.100	0.062
-40.300	-6.100	0.064
-40.200	-6.100	0.066
-40.100	-6.100	0.067
-40.000	-6.100	0.070
-39.900	-6.100	0.081
-39.800	-6.100	0.084
-39.700	-6.100	0.087
-39.600	-6.100	0.091
-39.500	-6.100	0.094
-39.400	-6.100	0.098
-39.300	-6.100	0.115
-39.200	-6.100	0.122
-39.100	-6.100	0.128
-39.000	-6.100	0.158
-38.900	-6.100	0.171
-38.800	-6.100	0.216
-38.700	-6.100	0.238
-38.600	-6.100	0.311
-38.500	-6.100	0.341
-38.400	-6.100	0.450
-38.300	-6.100	0.481
-38.200	-6.100	0.627
-38.100	-6.100	0.650
-38.000	-6.100	0.825
-37.900	-6.100	0.826
-37.800	-6.100	0.889
-37.700	-6.100	0.866
-37.600	-6.100	0.910
-37.500	-6.100	0.866
-37.400	-6.100	0.889
-37.300	-6.100	0.826
-37.200	-6.100	0.826
-37.100	-6.100	0.652
-37.000	-6.100	0.631
-36.900	-6.100	0.573
-36.800	-6.100	0.464
-36.700	-6.100	0.430
-36.600	-6.100	0.415
-36.500	-6.100	0.340
-36.400	-6.100	0.408
-36.300	-6.100	0.412
-36.200	-6.100	0.431
-36.100	-6.100	0.437
-36.000	-6.100	0.455
-35.900	-6.100	0.453
-35.800	-6.100	0.465
-35.700	-6.100	0.452
-35.600	-6.100	0.453
-35.500	-6.100	0.430
-35.400	-6.100	0.422
-35.300	-6.100	0.329
-35.200	-6.100	0.311
-35.100	-6.100	0.287
-40.800	-6.200	0.048
-40.700	-6.200	0.049
-40.600	-6.200	0.050
-40.500	-6.200	0.058
-40.400	-6.200	0.061
-40.300	-6.200	0.062
-40.200	-6.200	0.064
-40.100	-6.200	0.066
-40.000	-6.200	0.068
-39.900	-6.200	0.071
-39.800	-6.200	0.083
-39.700	-6.200	0.086
-39.600	-6.200	0.089
-39.500	-6.200	0.093
-39.400	-6.200	0.098
-39.300	-6.200	0.115
-39.200	-6.200	0.121
-39.100	-6.200	0.128
-39.000	-6.200	0.159
-38.900	-6.200	0.173
-38.800	-6.200	0.220
-38.700	-6.200	0.244
-38.600	-6.200	0.322
-38.500	-6.200	0.422
-38.400	-6.200	0.577
-38.300	-6.200	0.602
-38.200	-6.200	0.822
-38.100	-6.200	0.808
-38.000	-6.200	0.933
-37.900	-6.200	0.891
-37.800	-6.200	1.189
-37.700	-6.200	0.933
-37.600	-6.200	1.220
-37.500	-6.200	0.933
-37.400	-6.200	1.189
-37.300	-6.200	0.891
-37.200	-6.200	0.934
-37.100	-6.200	0.810
-37.000	-6.200	0.826
-36.900	-6.200	0.608
-36.800	-6.200	0.591
-36.700	-6.200	0.443
-36.600	-6.200	0.426
-36.500	-6.200	0.337
-36.400	-6.200	0.403
-36.300	-6.200	0.335
-36.200	-6.200	0.418
-36.100	-6.200	0.418
-36.000	-6.200	0.440
-35.900	-6.200	0.433
-35.800	-6.200	0.449
-35.700	-6.200	0.431
-35.600	-6.200	0.437
-35.500	-6.200	0.411
-35.400	-6.200	0.405
-35.300	-6.200	0.312
-35.200	-6.200	0.296
-35.100	-6.200	0.227
-40.700	-6.300	0.048
-40.600	-6.300	0.049
-40.500	-6.300	0.050
-40.400	-6.300	0.059
-40.300	-6.300	0.060
-40.200	-6.300	0.062
-40.100	-6.300	0.064
-40.000	-6.300	0.067
-39.900	-6.300	0.069
-39.800	-6.300	0.081
-39.700	-6.300	0.085
-39.600	-6.300	0.088
-39.500	-6.300	0.093
-39.400	-6.300	0.097
-39.300	-6.300	0.114
-39.200	-6.300	0.120
-39.100	-6.300	0.128
-39.000	-6.300	0.160
-38.900	-6.300	0.174
-38.800	-6.300	0.221
-38.700	-6.300	0.289
-38.600	-6.300	0.323
-38.500	-6.300	0.421
-38.400	-6.300	0.470
-38.300	-6.300	0.592
-38.200	-6.300	0.658
-38.100	-6.300	0.681
-38.000	-6.300	0.867
-37.900	-6.300	0.867
-37.800	-6.300	0.932
-37.700	-6.300	0.908
-37.600	-6.300	0.954
-37.500	-6.300	0.908
-37.400	-6.300	0.932
-37.300	-6.300	0.867
-37.200	-6.300	0.868
-37.100	-6.300	0.681
-37.000	-6.300	0.660
-36.900	-6.300	0.597
-36.800	-6.300	0.478
-36.700	-6.300	0.437
-36.600	-6.300	0.411
-36.500	-6.300	0.328
-36.400	-6.300	0.321
-36.300	-6.300	0.316
-36.200	-6.300	0.321
-36.100	-6.300	0.324
-36.000	-6.300	0.331
-35.900	-6.300	0.331
-35.800	-6.300	0.403
-35.700	-6.300	0.329
-35.600	-6.300	0.327
-35.500	-6.300	0.315
-35.400	-6.300	0.305
-35.300	-6.300	0.288
-35.200	-6.300	0.228
-35.100	-6.300	0.213
-40.800	-6.400	0.046
-40.700	-6.400	0.047
-40.600	-6.400	0.049
-40.500	-6.400	0.050
-40.400	-6.400	0.051
-40.300	-6.400	0.059
-40.200	-6.400	0.061
-40.100	-6.400	0.064
-40.000	-6.400	0.066
-39.900	-6.400	0.068
-39.800	-6.400	0.070
-39.700	-6.400	0.083
-39.600	-6.400	0.088
-39.500	-6.400	0.091
-39.400	-6.400	0.096
-39.300	-6.400	0.113
-39.200	-6.400	0.120
-39.100	-6.400	0.128
-39.000	-6.400	0.159
-38.900	-6.400	0.174
-38.800	-6.400	0.223
-38.700	-6.400	0.293
-38.600	-6.400	0.329
-38.500	-6.400	0.433
-38.400	-6.400	0.593
-38.300	-6.400	0.616
-38.200	-6.400	0.844
-38.100	-6.400	0.829
-38.000	-6.400	0.956
-37.900	-6.400	0.913
-37.800	-6.400	1.221
-37.700	-6.400	0.957
-37.600	-6.400	1.252
-37.500	-6.400	0.957
-37.400	-6.400	1.221
-37.300	-6.400	0.913
-37.200	-6.400	0.956
-37.100	-6.400	0.830
-37.000	-6.400	0.846
-36.900	-6.400	0.620
-36.800	-6.400	0.599
-36.700	-6.400	0.444
-36.600	-6.400	0.417
-36.500	-6.400	0.323
-36.400	-6.400	0.310
-36.300	-6.400	0.303
-36.200	-6.400	0.304
-36.100	-6.400	0.303
-36.000	-6.400	0.310
-35.900	-6.400	0.309
-35.800	-6.400	0.312
-35.700	-6.400	0.306
-35.600	-6.400	0.303
-35.500	-6.400	0.291
-35.400	-6.400	0.282
-35.300	-6.400	0.223
-35.200	-6.400	0.212
-35.100	-6.400	0.165
-35.000	-6.400	0.155
-40.700	-6.500	0.046
-40.600	-6.500	0.048
-40.500	-6.500	0.048
-40.400	-6.500	0.051
-40.300	-6.500	0.058
-40.200	-6.500	0.061
-40.100	-6.500	0.063
-40.000	-6.500	0.064
-39.900	-6.500	0.067
-39.800	-6.500	0.070
-39.700	-6.500	0.082
-39.600	-6.500	0.086
-39.500	-6.500	0.091
-39.400	-6.500	0.095
-39.300	-6.500	0.112
-39.200	-6.500	0.119
-39.100	-6.500	0.127
-39.000	-6.500	0.159
-38.900	-6.500	0.172
-38.800	-6.500	0.221
-38.700	-6.500	0.244
-38.600	-6.500	0.323
-38.500	-6.500	0.421
-38.400	-6.500	0.470
-38.300	-6.500	0.592
-38.200	-6.500	0.657
-38.100	-6.500	0.681
-38.000	-6.500	0.866
-37.900	-6.500	0.867
-37.800	-6.500	0.931
-37.700	-6.500	0.908
-37.600	-6.500	0.953
-37.500	-6.500	0.908
-37.400	-6.500	0.932
-37.300	-6.500	0.866
-37.200	-6.500	0.867
-37.100	-6.500	0.681
-37.000	-6.500	0.658
-36.900	-6.500	0.595
-36.800	-6.500	0.474
-36.700	-6.500	0.430
-36.600	-6.500	0.336
-36.500	-6.500	0.311
-36.400	-6.500	0.295
-36.300	-6.500	0.242
-36.200	-6.500	0.238
-36.100	-6.500	0.236
-36.000	-6.500	0.237
-35.900	-6.500	0.236
-35.800	-6.500	0.236
-35.700	-6.500	0.233
-35.600	-6.500	0.229
-35.500	-6.500	0.223
-35.400	-6.500	0.215
-35.300	-6.500	0.205
-35.200	-6.500	0.163
-35.100	-6.500	0.154
-35.000	-6.500	0.124
-40.700	-6.600	0.045
-40.600	-6.600	0.046
-40.500	-6.600	0.048
-40.400	-6.600	0.049
-40.300	-6.600	0.051
-40.200	-6.600	0.059
-40.100	-6.600	0.061
-40.000	-6.600	0.064
-39.900	-6.600	0.067
-39.800	-6.600	0.068
-39.700	-6.600	0.081
-39.600	-6.600	0.085
-39.500	-6.600	0.090
-39.400	-6.600	0.094
-39.300	-6.600	0.111
-39.200	-6.600	0.118
-39.100	-6.600	0.126
-39.000	-6.600	0.156
-38.900	-6.600	0.171
-38.800	-6.600	0.218
-38.700	-6.600	0.242
-38.600	-6.600	0.321
-38.500	-6.600	0.422
-38.400	-6.600	0.578
-38.300	-6.600	0.601
-38.200	-6.600	0.822
-38.100	-6.600	0.809
-38.000	-6.600	0.933
-37.900	-6.600	0.891
-37.800	-6.600	1.189
-37.700	-6.600	0.933
-37.600	-6.600	1.220
-37.500	-6.600	0.933
-37.400	-6.600	1.189
-37.300	-6.600	0.891
-37.200	-6.600	0.932
-37.100	-6.600	0.809
-37.000	-6.600	0.823
-36.900	-6.600	0.603
-36.800	-6.600	0.580
-36.700	-6.600	0.429
-36.600	-6.600	0.397
-36.500	-6.600	0.304
-36.400	-6.600	0.241
-36.300	-6.600	0.231
-36.200	-6.600	0.225
-36.100	-6.600	0.221
-36.000	-6.600	0.219
-35.900	-6.600	0.218
-35.800	-6.600	0.216
-35.700	-6.600	0.214
-35.600	-6.600	0.209
-35.500	-6.600	0.170
-35.400	-6.600	0.164
-35.300	-6.600	0.158
-35.200	-6.600	0.152
-35.100	-6.600	0.123
-35.000	-6.600	0.117
-40.600	-6.700	0.046
-40.500	-6.700	0.047
-40.400	-6.700	0.049
-40.300	-6.700	0.050
-40.200	-6.700	0.058
-40.100	-6.700	0.061
-40.000	-6.700	0.062
-39.900	-6.700	0.065
-39.800	-6.700	0.068
-39.700	-6.700	0.070
-39.600	-6.700	0.084
-39.500	-6.700	0.088
-39.400	-6.700	0.093
-39.300	-6.700	0.098
-39.200	-6.700	0.116
-39.100	-6.700	0.124
-39.000	-6.700	0.154
-38.900	-6.700	0.167
-38.800	-6.700	0.213
-38.700	-6.700	0.236
-38.600	-6.700	0.309
-38.500	-6.700	0.339
-38.400	-6.700	0.449
-38.300	-6.700	0.481
-38.200	-6.700	0.627
-38.100	-6.700	0.650
-38.000	-6.700	0.825
-37.900	-6.700	0.826
-37.800	-6.700	0.888
-37.700	-6.700	0.866
-37.600	-6.700	0.910
-37.500	-6.700	0.866
-37.400	-6.700	0.888
-37.300	-6.700	0.826
-37.200	-6.700	0.825
-37.100	-6.700	0.650
-37.000	-6.700	0.628
-36.900	-6.700	0.482
-36.800	-6.700	0.452
-36.700	-6.700	0.406
-36.600	-6.700	0.317
-36.500	-6.700	0.246
-36.400	-6.700	0.231
-36.300	-6.700	0.219
-36.200	-6.700	0.211
-36.100	-6.700	0.175
-36.000	-6.700	0.172
-35.900	-6.700	0.169
-35.800	-6.700	0.167
-35.700	-6.700	0.164
-35.600	-6.700	0.161
-35.500	-6.700	0.159
-35.400	-6.700	0.154
-35.300	-6.700	0.125
-35.200	-6.700	0.121
-35.100	-6.700	0.117
-35.000	-6.700	0.111
-40.400	-6.800	0.048
-40.300	-6.800	0.049
-40.200	-6.800	0.051
-40.100	-6.800	0.059
-40.000	-6.800	0.062
-39.900	-6.800	0.065
-39.800	-6.800	0.067
-39.700	-6.800	0.070
-39.600	-6.800	0.083
-39.500	-6.800	0.087
-39.400	-6.800	0.092
-39.300	-6.800	0.097
-39.200	-6.800	0.115
-39.100	-6.800	0.122
-39.000	-6.800	0.130
-38.900	-6.800	0.163
-38.800	-6.800	0.175
-38.700	-6.800	0.230
-38.600	-6.800	0.301
-38.500	-6.800	0.331
-38.400	-6.800	0.445
-38.300	-6.800	0.472
-38.200	-6.800	0.637
-38.100	-6.800	0.644
-38.000	-6.800	0.864
-37.900	-6.800	0.827
-37.800	-6.800	0.932
-37.700	-6.800	0.868
-37.600	-6.800	0.954
-37.500	-6.800	0.868
-37.400	-6.800	0.932
-37.300	-6.800	0.826
-37.200	-6.800	0.865
-37.100	-6.800	0.645
-37.000	-6.800	0.638
-36.900	-6.800	0.473
-36.800	-6.800	0.447
-36.700	-6.800	0.334
-36.600	-6.800	0.307
-36.500	-6.800	0.238
-36.400	-6.800	0.221
-36.300	-6.800	0.178
-36.200	-6.800	0.173
-36.100	-6.800	0.168
-36.000	-6.800	0.163
-35.900	-6.800	0.160
-35.800	-6.800	0.157
-35.700	-6.800	0.154
-35.600	-6.800	0.151
-35.500	-6.800	0.125
-35.400	-6.800	0.122
-35.300	-6.800	0.118
-35.200	-6.800	0.114
-35.100	-6.800	0.110
-35.000	-6.800	0.093
-40.400	-6.900	0.047
-40.300	-6.900	0.049
-40.200	-6.900	0.050
-40.100	-6.900	0.058
-40.000	-6.900	0.061
-39.900	-6.900	0.063
-39.800	-6.900	0.066
-39.700	-6.900	0.069
-39.600	-6.900	0.081
-39.500	-6.900	0.086
-39.400	-6.900	0.090
-39.300	-6.900	0.094
-39.200	-6.900	0.112
-39.100	-6.900	0.120
-39.000	-6.900	0.127
-38.900	-6.900	0.159
-38.800	-6.900	0.171
-38.700	-6.900	0.219
-38.600	-6.900	0.241
-38.500	-6.900	0.312
-38.400	-6.900	0.409
-38.300	-6.900	0.439
-38.200	-6.900	0.569
-38.100	-6.900	0.591
-38.000	-6.900	0.643
-37.900	-6.900	0.649
-37.800	-6.900	0.805
-37.700	-6.900	0.679
-37.600	-6.900	0.826
-37.500	-6.900	0.679
-37.400	-6.900	0.805
-37.300	-6.900	0.649
-37.200	-6.900	0.642
-37.100	-6.900	0.592
-37.000	-6.900	0.569
-36.900	-6.900	0.440
-36.800	-6.900	0.411
-36.700	-6.900	0.315
-36.600	-6.900	0.289
-36.500	-6.900	0.226
-36.400	-6.900	0.179
-36.300	-6.900	0.172
-36.200	-6.900	0.164
-36.100	-6.900	0.159
-36.000	-6.900	0.154
-35.900	-6.900	0.129
-35.800	-6.900	0.127
-35.700	-6.900	0.124
-35.600	-6.900	0.121
-35.500	-6.900	0.118
-35.400	-6.900	0.115
-35.300	-6.900	0.112
-35.200	-6.900	0.095
-35.100	-6.900	0.091
-35.000	-6.900	0.088
-34.900	-6.900	0.086
-40.400	-7.000	0.046
-40.300	-7.000	0.048
-40.200	-7.000	0.049
-40.100	-7.000	0.051
-40.000	-7.000	0.060
-39.900	-7.000	0.062
-39.800	-7.000	0.064
-39.700	-7.000	0.067
-39.600	-7.000	0.070
-39.500	-7.000	0.084
-39.400	-7.000	0.088
-39.300	-7.000	0.093
-39.200	-7.000	0.098
-39.100	-7.000	0.116
-39.000	-7.000	0.123
-38.900	-7.000	0.154
-38.800	-7.000	0.166
-38.700	-7.000	0.210
-38.600	-7.000	0.230
-38.500	-7.000	0.298
-38.400	-7.000	0.328
-38.300	-7.000	0.420
-38.200	-7.000	0.560
-38.100	-7.000	0.570
-38.000	-7.000	0.636
-37.900	-7.000	0.627
-37.800	-7.000	0.819
-37.700	-7.000	0.657
-37.600	-7.000	0.841
-37.500	-7.000	0.657
-37.400	-7.000	0.819
-37.300	-7.000	0.627
-37.200	-7.000	0.636
-37.100	-7.000	0.570
-37.000	-7.000	0.562
-36.900	-7.000	0.421
-36.800	-7.000	0.329
-36.700	-7.000	0.300
-36.600	-7.000	0.233
-36.500	-7.000	0.215
-36.400	-7.000	0.173
-36.300	-7.000	0.164
-36.200	-7.000	0.157
-36.100	-7.000	0.130
-36.000	-7.000	0.126
-35.900	-7.000	0.123
-35.800	-7.000	0.119
-35.700	-7.000	0.117
-35.600	-7.000	0.114
-35.500	-7.000	0.111
-35.400	-7.000	0.095
-35.300	-7.000	0.093
-35.200	-7.000	0.090
-35.100	-7.000	0.088
-35.000	-7.000	0.085
-34.900	-7.000	0.082
-40.400	-7.100	0.045
-40.300	-7.100	0.047
-40.200	-7.100	0.049
-40.100	-7.100	0.050
-40.000	-7.100	0.058
-39.900	-7.100	0.061
-39.800	-7.100	0.064
-39.700	-7.100	0.067
-39.600	-7.100	0.069
-39.500	-7.100	0.082
-39.400	-7.100	0.086
-39.300	-7.100	0.091
-39.200	-7.100	0.095
-39.100	-7.100	0.113
-39.000	-7.100	0.120
-38.900	-7.100	0.128
-38.800	-7.100	0.159
-38.700	-7.100	0.171
-38.600	-7.100	0.217
-38.500	-7.100	0.235
-38.400	-7.100	0.303
-38.300	-7.100	0.325
-38.200	-7.100	0.419
-38.100	-7.100	0.439
-38.000	-7.100	0.470
-37.900	-7.100	0.479
-37.800	-7.100	0.598
-37.700	-7.100	0.590
-37.600	-7.100	0.613
-37.500	-7.100	0.590
-37.400	-7.100	0.598
-37.300	-7.100	0.479
-37.200	-7.100	0.470
-37.100	-7.100	0.439
-37.000	-7.100	0.419
-36.900	-7.100	0.326
-36.800	-7.100	0.304
-36.700	-7.100	0.237
-36.600	-7.100	0.220
-36.500	-7.100	0.176
-36.400	-7.100	0.166
-36.300	-7.100	0.157
-36.200	-7.100	0.129
-36.100	-7.100	0.125
-36.000	-7.100	0.121
-35.900	-7.100	0.117
-35.800	-7.100	0.114
-35.700	-7.100	0.111
-35.600	-7.100	0.097
-35.500	-7.100	0.094
-35.400	-7.100	0.091
-35.300	-7.100	0.089
-35.200	-7.100	0.086
-35.100	-7.100	0.084
-35.000	-7.100	0.082
-34.900	-7.100	0.069
-40.500	-7.200	0.043
-40.400	-7.200	0.044
-40.300	-7.200	0.046
-40.200	-7.200	0.048
-40.100	-7.200	0.049
-40.000	-7.200	0.058
-39.900	-7.200	0.060
-39.800	-7.200	0.063
-39.700	-7.200	0.065
-39.600	-7.200	0.068
-39.500	-7.200	0.080
-39.400	-7.200	0.084
-39.300	-7.200	0.088
-39.200	-7.200	0.093
-39.100	-7.200	0.110
-39.000	-7.200	0.116
-38.900	-7.200	0.124
-38.800	-7.200	0.130
-38.700	-7.200	0.163
-38.600	-7.200	0.172
-38.500	-7.200	0.221
-38.400	-7.200	0.237
-38.300	-7.200	0.302
-38.200	-7.200	0.327
-38.100	-7.200	0.409
-38.000	-7.200	0.443
-37.900	-7.200	0.448
-37.800	-7.200	0.574
-37.700	-7.200	0.469
-37.600	-7.200	0.589
-37.500	-7.200	0.469
-37.400	-7.200	0.574
-37.300	-7.200	0.448
-37.200	-7.200	0.443
-37.100	-7.200	0.409
-37.000	-7.200	0.328
-36.900	-7.200	0.303
-36.800	-7.200	0.239
-36.700	-7.200	0.223
-36.600	-7.200	0.175
-36.500	-7.200	0.167
-36.400	-7.200	0.157
-36.300	-7.200	0.129
-36.200	-7.200	0.124
-36.100	-7.200	0.120
-36.000	-7.200	0.116
-35.900	-7.200	0.112
-35.800	-7.200	0.097
-35.700	-7.200	0.095
-35.600	-7.200	0.092
-35.500	-7.200	0.090
-35.400	-7.200	0.087
-35.300	-7.200	0.086
-35.200	-7.200	0.083
-35.100	-7.200	0.080
-35.000	-7.200	0.069
-34.900	-7.200	0.067
-34.800	-7.200	0.064
-40.500	-7.300	0.042
-40.400	-7.300	0.044
-40.300	-7.300	0.045
-40.200	-7.300	0.047
-40.100	-7.300	0.049
-40.000	-7.300	0.050
-39.900	-7.300	0.058
-39.800	-7.300	0.061
-39.700	-7.300	0.064
-39.600	-7.300	0.067
-39.500	-7.300	0.069
-39.400	-7.300	0.082
-39.300	-7.300	0.087
-39.200	-7.300	0.091
-39.100	-7.300	0.095
-39.000	-7.300	0.112
-38.900	-7.300	0.118
-38.800	-7.300	0.125
-38.700	-7.300	0.155
-38.600	-7.300	0.165
-38.500	-7.300	0.173
-38.400	-7.300	0.220
-38.300	-7.300	0.235
-38.200	-7.300	0.296
-38.100	-7.300	0.311
-38.000	-7.300	0.330
-37.900	-7.300	0.338
-37.800	-7.300	0.420
-37.700	-7.300	0.418
-37.600	-7.300	0.429
-37.500	-7.300	0.418
-37.400	-7.300	0.420
-37.100	-7.300	0.312
-37.000	-7.300	0.297
-36.900	-7.300	0.236
-36.800	-7.300	0.221
-36.700	-7.300	0.175
-36.600	-7.300	0.168
-36.500	-7.300	0.158
-36.400	-7.300	0.130
-36.300	-7.300	0.124
-36.200	-7.300	0.119
-36.100	-7.300	0.115
-36.000	-7.300	0.110
-35.900	-7.300	0.097
-35.800	-7.300	0.093
-35.700	-7.300	0.091
-35.600	-7.300	0.088
-35.500	-7.300	0.086
-35.400	-7.300	0.084
-35.300	-7.300	0.082
-35.200	-7.300	0.070
-35.100	-7.300	0.068
-35.000	-7.300	0.066
-34.900	-7.300	0.064
-34.800	-7.300	0.062
-39.600	-7.400	0.065
-39.500	-7.400	0.068
-39.400	-7.400	0.080
-39.300	-7.400	0.084
-39.200	-7.400	0.088
-39.100	-7.400	0.092
-39.000	-7.400	0.097
-38.900	-7.400	0.114
-38.800	-7.400	0.119
-38.700	-7.400	0.127
-38.600	-7.400	0.156
-38.500	-7.400	0.165
-38.400	-7.400	0.172
-38.300	-7.400	0.216
-38.200	-7.400	0.229
-38.100	-7.400	0.240
-38.000	-7.400	0.300
-37.900	-7.400	0.308
-37.800	-7.400	0.319
-37.700	-7.400	0.321
-37.600	-7.400	0.326
-37.500	-7.400	0.321
-37.000	-7.400	0.229
-36.900	-7.400	0.217
-36.800	-7.400	0.172
-36.700	-7.400	0.167
-36.600	-7.400	0.158
-36.500	-7.400	0.129
-36.400	-7.400	0.124
-36.300	-7.400	0.119
-36.200	-7.400	0.114
-36.100	-7.400	0.098
-36.000	-7.400	0.095
-35.900	-7.400	0.093
-35.800	-7.400	0.090
-35.700	-7.400	0.087
-35.600	-7.400	0.085
-35.500	-7.400	0.082
-35.400	-7.400	0.080
-35.100	-7.400	0.065
-35.000	-7.400	0.063
-34.900	-7.400	0.061
-39.400	-7.500	0.069
-39.300	-7.500	0.082
-39.200	-7.500	0.085
-39.100	-7.500	0.089
-39.000	-7.500	0.093
-38.900	-7.500	0.097
-38.800	-7.500	0.115
-38.700	-7.500	0.120
-38.600	-7.500	0.126
-38.500	-7.500	0.154
-38.400	-7.500	0.162
-38.300	-7.500	0.171
-38.200	-7.500	0.208
-38.100	-7.500	0.218
-38.000	-7.500	0.228
-37.900	-7.500	0.234
-37.800	-7.500	0.240
-37.700	-7.500	0.242
-37.600	-7.500	0.290
-37.000	-7.500	0.210
-36.900	-7.500	0.171
-36.800	-7.500	0.164
-36.700	-7.500	0.155
-36.600	-7.500	0.128
-36.500	-7.500	0.123
-36.400	-7.500	0.118
-36.300	-7.500	0.114
-36.200	-7.500	0.098
-36.100	-7.500	0.094
-36.000	-7.500	0.092
-35.900	-7.500	0.089
-35.800	-7.500	0.086
-35.700	-7.500	0.083
-35.600	-7.500	0.081
-34.900	-7.500	0.059
-39.400	-7.600	0.067
-39.300	-7.600	0.070
-39.200	-7.600	0.082
-39.100	-7.600	0.086
-39.000	-7.600	0.090
-38.900	-7.600	0.094
-38.800	-7.600	0.098
-38.700	-7.600	0.115
-38.600	-7.600	0.120
-38.500	-7.600	0.125
-38.400	-7.600	0.130
-38.300	-7.600	0.159
-38.200	-7.600	0.165
-38.100	-7.600	0.170
-38.000	-7.600	0.173
-37.900	-7.600	0.211
-37.800	-7.600	0.217
-37.100	-7.600	0.172
-37.000	-7.600	0.166
-36.900	-7.600	0.159
-36.800	-7.600	0.131
-36.700	-7.600	0.126
-36.600	-7.600	0.121
-36.500	-7.600	0.117
-36.400	-7.600	0.112
-36.300	-7.600	0.097
-36.200	-7.600	0.094
-36.100	-7.600	0.091
-36.000	-7.600	0.088
-35.900	-7.600	0.086
-35.800	-7.600	0.083
-35.700	-7.600	0.081
-35.600	-7.600	0.069
-39.100	-7.700	0.083
-39.000	-7.700	0.087
-38.900	-7.700	0.091
-38.600	-7.700	0.113
-38.500	-7.700	0.118
-38.400	-7.700	0.122
-38.300	-7.700	0.127
-38.200	-7.700	0.152
-38.100	-7.700	0.158
-38.000	-7.700	0.162
-37.100	-7.700	0.158
-37.000	-7.700	0.153
-36.900	-7.700	0.128
-36.800	-7.700	0.123
-36.700	-7.700	0.119
-36.600	-7.700	0.115
-36.500	-7.700	0.112
-36.400	-7.700	0.096
-36.300	-7.700	0.094
-36.200	-7.700	0.090
-36.100	-7.700	0.088
-36.000	-7.700	0.085
-35.900	-7.700	0.082
-35.800	-7.700	0.071
-35.700	-7.700	0.069
-39.000	-7.800	0.083
-38.200	-7.800	0.123
-38.100	-7.800	0.126
-37.100	-7.800	0.127
-37.000	-7.800	0.123
-36.900	-7.800	0.120
-36.800	-7.800	0.117
-36.700	-7.800	0.113
-36.600	-7.800	0.098
-36.500	-7.800	0.094
-36.400	-7.800	0.092
-36.300	-7.800	0.089
-36.000	-7.800	0.081
-37.200	-7.900	0.120
-37.100	-7.900	0.118
-37.000	-7.900	0.115
-36.900	-7.900	0.113
-36.800	-7.900	0.110
-36.700	-7.900	0.096
-36.600	-7.900	0.093
-36.500	-7.900	0.091
-37.100	-8.000	0.111
-37.000	-8.000	0.097
-36.900	-8.000	0.095
-36.800	-8.000	0.093
-36.700	-8.000	0.091
-37.100	-8.100	0.094
-37.000	-8.100	0.092
-36.900	-8.100	0.090
-36.800	-8.100	0.088
-36.700	-8.100	0.086
-37.100	-8.200	0.088
-37.000	-8.200	0.087
-36.900	-8.200	0.086
