-40.500	-2.800	0.015
-41.200	-2.900	0.013
-41.100	-2.900	0.013
-41.000	-2.900	0.014
-40.900	-2.900	0.014
-40.800	-2.900	0.014
-40.700	-2.900	0.015
-40.600	-2.900	0.015
-40.500	-2.900	0.015
-40.400	-2.900	0.016
-40.300	-2.900	0.016
-40.200	-2.900	0.019
-40.100	-2.900	0.019
-40.000	-2.900	0.020
-39.900	-2.900	0.020
-41.200	-3.000	0.013
-41.100	-3.000	0.014
-41.000	-3.000	0.014
-40.900	-3.000	0.014
-40.800	-3.000	0.015
-40.700	-3.000	0.015
-40.600	-3.000	0.015
-40.500	-3.000	0.016
-40.400	-3.000	0.019
-40.300	-3.000	0.019
-40.200	-3.000	0.020
-40.100	-3.000	0.020
-40.000	-3.000	0.021
-39.900	-3.000	0.021
-39.800	-3.000	0.021
-39.700	-3.000	0.021
-41.200	-3.100	0.013
-41.100	-3.100	0.014
-41.000	-3.100	0.014
-40.900	-3.100	0.015
-40.800	-3.100	0.015
-40.700	-3.100	0.015
-40.600	-3.100	0.016
-40.500	-3.100	0.019
-40.400	-3.100	0.020
-40.300	-3.100	0.020
-40.200	-3.100	0.021
-40.100	-3.100	0.021
-40.000	-3.100	0.022
-39.900	-3.100	0.022
-39.800	-3.100	0.022
-39.700	-3.100	0.022
-39.600	-3.100	0.022
-41.300	-3.200	0.013
-41.200	-3.200	0.014
-41.100	-3.200	0.014
-41.000	-3.200	0.014
-40.900	-3.200	0.015
-40.800	-3.200	0.015
-40.700	-3.200	0.016
-40.600	-3.200	0.019
-40.500	-3.200	0.020
-40.400	-3.200	0.021
-40.300	-3.200	0.021
-40.200	-3.200	0.022
-40.100	-3.200	0.022
-40.000	-3.200	0.027
-39.900	-3.200	0.027
-39.800	-3.200	0.028
-39.700	-3.200	0.027
-39.600	-3.200	0.028
-39.500	-3.200	0.023
-39.400	-3.200	0.023
-41.300	-3.300	0.014
-41.200	-3.300	0.014
-41.100	-3.300	0.014
-41.000	-3.300	0.015
-40.900	-3.300	0.015
-40.800	-3.300	0.016
-40.700	-3.300	0.019
-40.600	-3.300	0.020
-40.500	-3.300	0.020
-40.400	-3.300	0.021
-40.300	-3.300	0.022
-40.200	-3.300	0.027
-40.100	-3.300	0.028
-40.000	-3.300	0.029
-39.900	-3.300	0.029
-39.800	-3.300	0.029
-39.700	-3.300	0.029
-39.600	-3.300	0.029
-39.500	-3.300	0.028
-39.400	-3.300	0.028
-39.300	-3.300	0.027
-39.200	-3.300	0.023
-41.300	-3.400	0.014
-41.200	-3.400	0.014
-41.100	-3.400	0.015
-41.000	-3.400	0.015
-40.900	-3.400	0.015
-40.800	-3.400	0.019
-40.700	-3.400	0.019
-40.600	-3.400	0.020
-40.500	-3.400	0.021
-40.400	-3.400	0.022
-40.300	-3.400	0.027
-40.200	-3.400	0.029
-40.100	-3.400	0.029
-40.000	-3.400	0.031
-39.900	-3.400	0.031
-39.800	-3.400	0.032
-39.700	-3.400	0.031
-39.600	-3.400	0.031
-39.500	-3.400	0.030
-39.400	-3.400	0.030
-39.300	-3.400	0.029
-39.200	-3.400	0.029
-39.100	-3.400	0.028
-41.300	-3.500	0.014
-41.200	-3.500	0.014
-41.100	-3.500	0.015
-41.000	-3.500	0.015
-40.900	-3.500	0.016
-40.800	-3.500	0.019
-40.700	-3.500	0.020
-40.600	-3.500	0.021
-40.500	-3.500	0.022
-40.400	-3.500	0.027
-40.300	-3.500	0.029
-40.200	-3.500	0.030
-40.100	-3.500	0.031
-40.000	-3.500	0.032
-39.900	-3.500	0.032
-39.800	-3.500	0.033
-39.700	-3.500	0.032
-39.600	-3.500	0.032
-39.500	-3.500	0.032
-39.400	-3.500	0.031
-39.300	-3.500	0.030
-39.200	-3.500	0.030
-39.100	-3.500	0.029
-39.000	-3.500	0.028
-41.300	-3.600	0.014
-41.200	-3.600	0.014
-41.100	-3.600	0.015
-41.000	-3.600	0.015
-40.900	-3.600	0.019
-40.800	-3.600	0.020
-40.700	-3.600	0.021
-40.600	-3.600	0.022
-40.500	-3.600	0.027
-40.400	-3.600	0.029
-40.300	-3.600	0.030
-40.200	-3.600	0.032
-40.100	-3.600	0.032
-40.000	-3.600	0.041
-39.900	-3.600	0.041
-39.800	-3.600	0.042
-39.700	-3.600	0.041
-39.600	-3.600	0.042
-39.500	-3.600	0.033
-39.400	-3.600	0.040
-39.300	-3.600	0.032
-39.200	-3.600	0.031
-39.100	-3.600	0.030
-39.000	-3.600	0.030
-38.900	-3.600	0.029
-38.800	-3.600	0.030
-41.200	-3.700	0.015
-41.100	-3.700	0.015
-41.000	-3.700	0.016
-40.900	-3.700	0.019
-40.800	-3.700	0.020
-40.700	-3.700	0.021
-40.600	-3.700	0.022
-40.500	-3.700	0.028
-40.400	-3.700	0.029
-40.300	-3.700	0.031
-40.200	-3.700	0.032
-40.100	-3.700	0.040
-40.000	-3.700	0.042
-39.900	-3.700	0.042
-39.800	-3.700	0.042
-39.700	-3.700	0.042
-39.600	-3.700	0.042
-39.500	-3.700	0.041
-39.400	-3.700	0.040
-39.300	-3.700	0.033
-39.200	-3.700	0.032
-39.100	-3.700	0.031
-39.000	-3.700	0.031
-38.900	-3.700	0.030
-38.800	-3.700	0.031
-38.700	-3.700	0.030
-38.600	-3.700	0.031
-41.200	-3.800	0.015
-41.100	-3.800	0.015
-41.000	-3.800	0.016
-40.900	-3.800	0.019
-40.800	-3.800	0.020
-40.700	-3.800	0.021
-40.600	-3.800	0.027
-40.500	-3.800	0.028
-40.400	-3.800	0.031
-40.300	-3.800	0.032
-40.200	-3.800	0.041
-40.100	-3.800	0.042
-40.000	-3.800	0.044
-39.900	-3.800	0.043
-39.800	-3.800	0.045
-39.700	-3.800	0.043
-39.600	-3.800	0.044
-39.500	-3.800	0.043
-39.400	-3.800	0.042
-39.300	-3.800	0.040
-39.200	-3.800	0.040
-39.100	-3.800	0.032
-39.000	-3.800	0.033
-38.900	-3.800	0.032
-38.800	-3.800	0.032
-38.700	-3.800	0.032
-38.600	-3.800	0.033
-38.500	-3.800	0.032
-41.200	-3.900	0.015
-41.100	-3.900	0.015
-41.000	-3.900	0.016
-40.900	-3.900	0.019
-40.800	-3.900	0.020
-40.700	-3.900	0.021
-40.600	-3.900	0.027
-40.500	-3.900	0.029
-40.400	-3.900	0.030
-40.300	-3.900	0.032
-40.200	-3.900	0.041
-40.100	-3.900	0.042
-40.000	-3.900	0.043
-39.900	-3.900	0.043
-39.800	-3.900	0.044
-39.700	-3.900	0.044
-39.600	-3.900	0.044
-39.500	-3.900	0.043
-39.400	-3.900	0.042
-39.300	-3.900	0.041
-39.200	-3.900	0.040
-39.100	-3.900	0.033
-39.000	-3.900	0.033
-38.900	-3.900	0.033
-38.800	-3.900	0.033
-38.700	-3.900	0.033
-38.600	-3.900	0.033
-38.500	-3.900	0.033
-38.400	-3.900	0.033
-41.200	-4.000	0.015
-41.100	-4.000	0.015
-41.000	-4.000	0.016
-40.900	-4.000	0.019
-40.800	-4.000	0.021
-40.700	-4.000	0.022
-40.600	-4.000	0.028
-40.500	-4.000	0.029
-40.400	-4.000	0.031
-40.300	-4.000	0.032
-40.200	-4.000	0.042
-40.100	-4.000	0.042
-40.000	-4.000	0.045
-39.900	-4.000	0.044
-39.800	-4.000	0.046
-39.700	-4.000	0.044
-39.600	-4.000	0.046
-39.500	-4.000	0.043
-39.400	-4.000	0.044
-39.300	-4.000	0.042
-39.200	-4.000	0.042
-39.100	-4.000	0.040
-39.000	-4.000	0.041
-38.900	-4.000	0.040
-38.800	-4.000	0.042
-38.700	-4.000	0.041
-38.600	-4.000	0.043
-38.500	-4.000	0.042
-38.400	-4.000	0.043
-38.300	-4.000	0.041
-41.100	-4.100	0.015
-41.000	-4.100	0.016
-40.900	-4.100	0.019
-40.800	-4.100	0.020
-40.700	-4.100	0.021
-40.600	-4.100	0.027
-40.500	-4.100	0.029
-40.400	-4.100	0.031
-40.300	-4.100	0.032
-40.200	-4.100	0.041
-40.100	-4.100	0.042
-40.000	-4.100	0.043
-39.900	-4.100	0.043
-39.800	-4.100	0.044
-39.700	-4.100	0.044
-39.600	-4.100	0.044
-39.500	-4.100	0.043
-39.400	-4.100	0.043
-39.300	-4.100	0.042
-39.200	-4.100	0.041
-39.100	-4.100	0.041
-39.000	-4.100	0.041
-38.900	-4.100	0.041
-38.800	-4.100	0.042
-38.700	-4.100	0.042
-38.600	-4.100	0.043
-38.500	-4.100	0.043
-38.400	-4.100	0.043
-38.300	-4.100	0.042
-38.200	-4.100	0.042
-41.100	-4.200	0.015
-41.000	-4.200	0.016
-40.900	-4.200	0.019
-40.800	-4.200	0.020
-40.700	-4.200	0.021
-40.600	-4.200	0.027
-40.500	-4.200	0.028
-40.400	-4.200	0.031
-40.300	-4.200	0.032
-40.200	-4.200	0.041
-40.100	-4.200	0.042
-40.000	-4.200	0.044
-39.900	-4.200	0.043
-39.800	-4.200	0.045
-39.700	-4.200	0.044
-39.600	-4.200	0.045
-39.500	-4.200	0.043
-39.400	-4.200	0.043
-39.300	-4.200	0.042
-39.200	-4.200	0.042
-39.100	-4.200	0.041
-39.000	-4.200	0.042
-38.900	-4.200	0.042
-38.800	-4.200	0.044
-38.700	-4.200	0.044
-38.600	-4.200	0.045
-38.500	-4.200	0.044
-38.400	-4.200	0.046
-38.300	-4.200	0.044
-38.200	-4.200	0.044
-38.100	-4.200	0.042
-41.100	-4.300	0.015
-41.000	-4.300	0.016
-40.900	-4.300	0.019
-40.800	-4.300	0.020
-40.700	-4.300	0.021
-40.600	-4.300	0.022
-40.500	-4.300	0.028
-40.400	-4.300	0.030
-40.300	-4.300	0.031
-40.200	-4.300	0.032
-40.100	-4.300	0.040
-40.000	-4.300	0.042
-39.900	-4.300	0.042
-39.800	-4.300	0.043
-39.700	-4.300	0.043
-39.600	-4.300	0.043
-39.500	-4.300	0.042
-39.400	-4.300	0.042
-39.300	-4.300	0.041
-39.200	-4.300	0.041
-39.100	-4.300	0.041
-39.000	-4.300	0.041
-38.900	-4.300	0.042
-38.800	-4.300	0.043
-38.700	-4.300	0.044
-38.600	-4.300	0.045
-38.500	-4.300	0.045
-38.400	-4.300	0.045
-38.300	-4.300	0.044
-38.200	-4.300	0.044
-38.100	-4.300	0.042
-38.000	-4.300	0.041
-41.100	-4.400	0.015
-41.000	-4.400	0.016
-40.900	-4.400	0.019
-40.800	-4.400	0.020
-40.700	-4.400	0.021
-40.600	-4.400	0.022
-40.500	-4.400	0.027
-40.400	-4.400	0.029
-40.300	-4.400	0.030
-40.200	-4.400	0.032
-40.100	-4.400	0.033
-40.000	-4.400	0.042
-39.900	-4.400	0.041
-39.800	-4.400	0.042
-39.700	-4.400	0.042
-39.600	-4.400	0.043
-39.500	-4.400	0.041
-39.400	-4.400	0.042
-39.300	-4.400	0.040
-39.200	-4.400	0.041
-39.100	-4.400	0.041
-39.000	-4.400	0.042
-38.900	-4.400	0.042
-38.800	-4.400	0.044
-38.700	-4.400	0.044
-38.600	-4.400	0.046
-38.500	-4.400	0.045
-38.400	-4.400	0.047
-38.300	-4.400	0.045
-38.200	-4.400	0.045
-38.100	-4.400	0.043
-38.000	-4.400	0.043
-37.900	-4.400	0.034
-37.800	-4.400	0.033
-41.100	-4.500	0.015
-41.000	-4.500	0.016
-40.900	-4.500	0.016
-40.800	-4.500	0.020
-40.700	-4.500	0.020
-40.600	-4.500	0.021
-40.500	-4.500	0.022
-40.400	-4.500	0.028
-40.300	-4.500	0.029
-40.200	-4.500	0.030
-40.100	-4.500	0.031
-40.000	-4.500	0.032
-39.900	-4.500	0.033
-39.800	-4.500	0.033
-39.700	-4.500	0.033
-39.600	-4.500	0.033
-39.500	-4.500	0.033
-39.400	-4.500	0.033
-39.300	-4.500	0.033
-39.200	-4.500	0.033
-39.100	-4.500	0.033
-39.000	-4.500	0.041
-38.900	-4.500	0.041
-38.800	-4.500	0.043
-38.700	-4.500	0.043
-38.600	-4.500	0.045
-38.500	-4.500	0.045
-38.400	-4.500	0.045
-38.300	-4.500	0.045
-38.200	-4.500	0.044
-38.100	-4.500	0.043
-38.000	-4.500	0.042
-37.900	-4.500	0.033
-37.800	-4.500	0.032
-41.200	-4.600	0.015
-41.100	-4.600	0.015
-41.000	-4.600	0.016
-40.900	-4.600	0.016
-40.800	-4.600	0.019
-40.700	-4.600	0.020
-40.600	-4.600	0.021
-40.500	-4.600	0.022
-40.400	-4.600	0.027
-40.300	-4.600	0.028
-40.200	-4.600	0.030
-40.100	-4.600	0.030
-40.000	-4.600	0.031
-39.900	-4.600	0.031
-39.800	-4.600	0.032
-39.700	-4.600	0.032
-39.600	-4.600	0.033
-39.500	-4.600	0.032
-39.400	-4.600	0.033
-39.300	-4.600	0.032
-39.200	-4.600	0.033
-39.100	-4.600	0.033
-39.000	-4.600	0.041
-38.900	-4.600	0.041
-38.800	-4.600	0.043
-38.700	-4.600	0.043
-38.600	-4.600	0.045
-38.500	-4.600	0.045
-38.400	-4.600	0.046
-38.300	-4.600	0.045
-38.200	-4.600	0.045
-38.100	-4.600	0.043
-38.000	-4.600	0.043
-37.900	-4.600	0.033
-37.800	-4.600	0.033
-37.700	-4.600	0.031
-41.200	-4.700	0.015
-41.100	-4.700	0.015
-41.000	-4.700	0.015
-40.900	-4.700	0.016
-40.800	-4.700	0.019
-40.700	-4.700	0.020
-40.600	-4.700	0.020
-40.500	-4.700	0.021
-40.400	-4.700	0.022
-40.300	-4.700	0.023
-40.200	-4.700	0.028
-40.100	-4.700	0.028
-40.000	-4.700	0.029
-39.900	-4.700	0.030
-39.800	-4.700	0.030
-39.700	-4.700	0.030
-39.600	-4.700	0.031
-39.500	-4.700	0.031
-39.400	-4.700	0.031
-39.300	-4.700	0.031
-39.200	-4.700	0.032
-39.100	-4.700	0.032
-39.000	-4.700	0.033
-38.900	-4.700	0.033
-38.800	-4.700	0.041
-38.700	-4.700	0.042
-38.600	-4.700	0.043
-38.500	-4.700	0.043
-38.400	-4.700	0.044
-38.300	-4.700	0.043
-38.200	-4.700	0.043
-38.100	-4.700	0.041
-38.000	-4.700	0.041
-37.900	-4.700	0.033
-37.800	-4.700	0.032
-37.700	-4.700	0.031
-37.600	-4.700	0.030
-37.500	-4.700	0.029
-37.400	-4.700	0.024
-41.200	-4.800	0.014
-41.100	-4.800	0.015
-41.000	-4.800	0.015
-40.900	-4.800	0.016
-40.800	-4.800	0.016
-40.700	-4.800	0.019
-40.600	-4.800	0.020
-40.500	-4.800	0.021
-40.400	-4.800	0.021
-40.300	-4.800	0.022
-40.200	-4.800	0.023
-40.100	-4.800	0.023
-40.000	-4.800	0.028
-39.900	-4.800	0.028
-39.800	-4.800	0.029
-39.700	-4.800	0.029
-39.600	-4.800	0.030
-39.500	-4.800	0.030
-39.400	-4.800	0.030
-39.300	-4.800	0.030
-39.200	-4.800	0.031
-39.100	-4.800	0.031
-39.000	-4.800	0.032
-38.900	-4.800	0.033
-38.800	-4.800	0.041
-38.700	-4.800	0.041
-38.600	-4.800	0.043
-38.500	-4.800	0.042
-38.400	-4.800	0.044
-38.300	-4.800	0.042
-38.200	-4.800	0.043
-38.100	-4.800	0.041
-38.000	-4.800	0.041
-37.900	-4.800	0.033
-37.800	-4.800	0.032
-37.700	-4.800	0.031
-37.600	-4.800	0.030
-37.500	-4.800	0.029
-37.400	-4.800	0.025
-37.300	-4.800	0.024
-41.200	-4.900	0.014
-41.100	-4.900	0.015
-41.000	-4.900	0.015
-40.900	-4.900	0.015
-40.800	-4.900	0.016
-40.700	-4.900	0.016
-40.600	-4.900	0.019
-40.500	-4.900	0.020
-40.400	-4.900	0.021
-40.300	-4.900	0.021
-40.200	-4.900	0.022
-40.100	-4.900	0.022
-40.000	-4.900	0.023
-39.900	-4.900	0.023
-39.800	-4.900	0.023
-39.700	-4.900	0.024
-39.600	-4.900	0.028
-39.500	-4.900	0.028
-39.400	-4.900	0.029
-39.300	-4.900	0.029
-39.200	-4.900	0.030
-39.100	-4.900	0.030
-39.000	-4.900	0.031
-38.900	-4.900	0.032
-38.800	-4.900	0.033
-38.700	-4.900	0.033
-38.600	-4.900	0.034
-38.500	-4.900	0.034
-38.400	-4.900	0.041
-38.300	-4.900	0.034
-38.200	-4.900	0.034
-38.100	-4.900	0.033
-38.000	-4.900	0.033
-37.900	-4.900	0.032
-37.800	-4.900	0.031
-37.700	-4.900	0.030
-37.600	-4.900	0.030
-37.500	-4.900	0.029
-37.400	-4.900	0.025
-37.300	-4.900	0.024
-41.100	-5.000	0.015
-41.000	-5.000	0.015
-40.900	-5.000	0.015
-40.800	-5.000	0.016
-40.700	-5.000	0.016
-40.600	-5.000	0.016
-40.500	-5.000	0.019
-40.400	-5.000	0.020
-40.300	-5.000	0.021
-40.200	-5.000	0.021
-40.100	-5.000	0.022
-40.000	-5.000	0.022
-39.900	-5.000	0.022
-39.800	-5.000	0.023
-39.700	-5.000	0.023
-39.600	-5.000	0.023
-39.500	-5.000	0.024
-39.400	-5.000	0.024
-39.300	-5.000	0.028
-39.200	-5.000	0.029
-39.100	-5.000	0.029
-39.000	-5.000	0.030
-38.900	-5.000	0.031
-38.800	-5.000	0.032
-38.700	-5.000	0.032
-38.600	-5.000	0.033
-38.500	-5.000	0.033
-38.400	-5.000	0.034
-38.300	-5.000	0.033
-38.200	-5.000	0.034
-38.100	-5.000	0.033
-38.000	-5.000	0.033
-37.900	-5.000	0.032
-37.800	-5.000	0.032
-37.700	-5.000	0.031
-37.600	-5.000	0.030
-37.500	-5.000	0.029
-37.400	-5.000	0.029
-37.300	-5.000	0.025
-37.200	-5.000	0.025
-37.100	-5.000	0.024
-37.000	-5.000	0.024
-36.900	-5.000	0.024
-41.000	-5.100	0.015
-40.900	-5.100	0.015
-40.800	-5.100	0.015
-40.700	-5.100	0.016
-40.600	-5.100	0.016
-40.500	-5.100	0.017
-40.400	-5.100	0.019
-40.300	-5.100	0.020
-40.200	-5.100	0.020
-40.100	-5.100	0.021
-40.000	-5.100	0.021
-39.900	-5.100	0.022
-39.800	-5.100	0.022
-39.700	-5.100	0.022
-39.600	-5.100	0.023
-39.500	-5.100	0.023
-39.400	-5.100	0.023
-39.300	-5.100	0.024
-39.200	-5.100	0.024
-39.100	-5.100	0.028
-39.000	-5.100	0.029
-38.900	-5.100	0.030
-38.800	-5.100	0.031
-38.700	-5.100	0.031
-38.600	-5.100	0.032
-38.500	-5.100	0.032
-38.400	-5.100	0.032
-38.300	-5.100	0.032
-38.200	-5.100	0.032
-38.100	-5.100	0.032
-38.000	-5.100	0.032
-37.900	-5.100	0.032
-37.800	-5.100	0.031
-37.700	-5.100	0.031
-37.600	-5.100	0.030
-37.500	-5.100	0.030
-37.400	-5.100	0.029
-37.300	-5.100	0.029
-37.200	-5.100	0.029
-37.100	-5.100	0.025
-37.000	-5.100	0.025
-36.900	-5.100	0.025
-36.800	-5.100	0.025
-36.700	-5.100	0.028
-36.600	-5.100	0.029
-36.500	-5.100	0.029
-36.400	-5.100	0.030
-36.300	-5.100	0.031
-36.200	-5.100	0.031
-36.100	-5.100	0.032
-36.000	-5.100	0.033
-35.900	-5.100	0.032
-35.800	-5.100	0.033
-40.900	-5.200	0.015
-40.800	-5.200	0.015
-40.700	-5.200	0.016
-40.600	-5.200	0.016
-40.500	-5.200	0.016
-40.400	-5.200	0.017
-40.300	-5.200	0.019
-40.200	-5.200	0.020
-40.100	-5.200	0.020
-40.000	-5.200	0.021
-39.900	-5.200	0.021
-39.800	-5.200	0.021
-39.700	-5.200	0.022
-39.600	-5.200	0.022
-39.500	-5.200	0.022
-39.400	-5.200	0.023
-39.300	-5.200	0.023
-39.200	-5.200	0.024
-39.100	-5.200	0.024
-39.000	-5.200	0.028
-38.900	-5.200	0.029
-38.800	-5.200	0.030
-38.700	-5.200	0.030
-38.600	-5.200	0.031
-38.500	-5.200	0.031
-38.400	-5.200	0.032
-38.300	-5.200	0.032
-38.200	-5.200	0.032
-38.100	-5.200	0.032
-38.000	-5.200	0.032
-37.900	-5.200	0.032
-37.800	-5.200	0.032
-37.700	-5.200	0.031
-37.600	-5.200	0.031
-37.500	-5.200	0.031
-37.400	-5.200	0.030
-37.300	-5.200	0.030
-37.200	-5.200	0.030
-37.100	-5.200	0.029
-37.000	-5.200	0.029
-36.900	-5.200	0.029
-36.800	-5.200	0.029
-36.700	-5.200	0.029
-36.600	-5.200	0.030
-36.500	-5.200	0.030
-36.400	-5.200	0.031
-36.300	-5.200	0.032
-36.200	-5.200	0.033
-36.100	-5.200	0.033
-36.000	-5.200	0.042
-35.900	-5.200	0.041
-35.800	-5.200	0.042
-35.700	-5.200	0.041
-35.600	-5.200	0.041
-35.500	-5.200	0.032
-40.900	-5.300	0.015
-40.800	-5.300	0.015
-40.700	-5.300	0.015
-40.600	-5.300	0.016
-40.500	-5.300	0.016
-40.400	-5.300	0.016
-40.300	-5.300	0.017
-40.200	-5.300	0.019
-40.100	-5.300	0.020
-40.000	-5.300	0.020
-39.900	-5.300	0.021
-39.800	-5.300	0.021
-39.700	-5.300	0.021
-39.600	-5.300	0.022
-39.500	-5.300	0.022
-39.400	-5.300	0.022
-39.300	-5.300	0.023
-39.200	-5.300	0.023
-39.100	-5.300	0.024
-39.000	-5.300	0.024
-38.900	-5.300	0.024
-38.800	-5.300	0.029
-38.700	-5.300	0.029
-38.600	-5.300	0.030
-38.500	-5.300	0.031
-38.400	-5.300	0.031
-38.300	-5.300	0.031
-38.200	-5.300	0.032
-38.100	-5.300	0.032
-38.000	-5.300	0.032
-37.900	-5.300	0.032
-37.800	-5.300	0.032
-37.700	-5.300	0.032
-37.600	-5.300	0.032
-37.500	-5.300	0.032
-37.400	-5.300	0.032
-37.300	-5.300	0.031
-37.200	-5.300	0.031
-37.100	-5.300	0.030
-37.000	-5.300	0.030
-36.900	-5.300	0.030
-36.800	-5.300	0.030
-36.700	-5.300	0.030
-36.600	-5.300	0.030
-36.500	-5.300	0.031
-36.400	-5.300	0.032
-36.300	-5.300	0.033
-36.200	-5.300	0.034
-36.100	-5.300	0.041
-36.000	-5.300	0.042
-35.900	-5.300	0.042
-35.800	-5.300	0.043
-35.700	-5.300	0.042
-35.600	-5.300	0.042
-35.500	-5.300	0.040
-35.400	-5.300	0.032
-40.900	-5.400	0.015
-40.800	-5.400	0.015
-40.700	-5.400	0.015
-40.600	-5.400	0.015
-40.500	-5.400	0.016
-40.400	-5.400	0.016
-40.300	-5.400	0.016
-40.200	-5.400	0.017
-40.100	-5.400	0.019
-40.000	-5.400	0.020
-39.900	-5.400	0.020
-39.800	-5.400	0.021
-39.700	-5.400	0.021
-39.600	-5.400	0.021
-39.500	-5.400	0.022
-39.400	-5.400	0.022
-39.300	-5.400	0.022
-39.200	-5.400	0.023
-39.100	-5.400	0.023
-39.000	-5.400	0.024
-38.900	-5.400	0.024
-38.800	-5.400	0.028
-38.700	-5.400	0.029
-38.600	-5.400	0.030
-38.500	-5.400	0.030
-38.400	-5.400	0.031
-38.300	-5.400	0.031
-38.200	-5.400	0.032
-38.100	-5.400	0.032
-38.000	-5.400	0.033
-37.900	-5.400	0.033
-37.800	-5.400	0.034
-37.700	-5.400	0.033
-37.600	-5.400	0.034
-37.500	-5.400	0.033
-37.400	-5.400	0.033
-37.300	-5.400	0.033
-37.200	-5.400	0.032
-37.100	-5.400	0.032
-37.000	-5.400	0.031
-36.900	-5.400	0.031
-36.800	-5.400	0.031
-36.700	-5.400	0.031
-36.600	-5.400	0.032
-36.500	-5.400	0.032
-36.400	-5.400	0.033
-36.300	-5.400	0.034
-36.200	-5.400	0.042
-36.100	-5.400	0.043
-36.000	-5.400	0.044
-35.900	-5.400	0.043
-35.800	-5.400	0.045
-35.700	-5.400	0.043
-35.600	-5.400	0.044
-35.500	-5.400	0.042
-35.400	-5.400	0.041
-40.900	-5.500	0.014
-40.800	-5.500	0.015
-40.700	-5.500	0.015
-40.600	-5.500	0.015
-40.500	-5.500	0.016
-40.400	-5.500	0.016
-40.300	-5.500	0.016
-40.200	-5.500	0.016
-40.100	-5.500	0.017
-40.000	-5.500	0.019
-39.900	-5.500	0.020
-39.800	-5.500	0.020
-39.700	-5.500	0.021
-39.600	-5.500	0.021
-39.500	-5.500	0.021
-39.400	-5.500	0.022
-39.300	-5.500	0.022
-39.200	-5.500	0.023
-39.100	-5.500	0.023
-39.000	-5.500	0.023
-38.900	-5.500	0.024
-38.800	-5.500	0.024
-38.700	-5.500	0.029
-38.600	-5.500	0.029
-38.500	-5.500	0.030
-38.400	-5.500	0.031
-38.300	-5.500	0.032
-38.200	-5.500	0.033
-38.100	-5.500	0.033
-38.000	-5.500	0.034
-37.900	-5.500	0.034
-37.800	-5.500	0.035
-37.700	-5.500	0.035
-37.600	-5.500	0.041
-37.500	-5.500	0.035
-37.400	-5.500	0.035
-37.300	-5.500	0.034
-37.200	-5.500	0.034
-37.100	-5.500	0.033
-37.000	-5.500	0.032
-36.900	-5.500	0.032
-36.800	-5.500	0.032
-36.700	-5.500	0.031
-36.600	-5.500	0.032
-36.500	-5.500	0.032
-36.400	-5.500	0.033
-36.300	-5.500	0.034
-36.200	-5.500	0.042
-36.100	-5.500	0.043
-36.000	-5.500	0.044
-35.900	-5.500	0.044
-35.800	-5.500	0.044
-35.700	-5.500	0.043
-35.600	-5.500	0.043
-35.500	-5.500	0.042
-35.400	-5.500	0.041
-35.300	-5.500	0.032
-40.900	-5.600	0.014
-40.800	-5.600	0.015
-40.700	-5.600	0.015
-40.600	-5.600	0.015
-40.500	-5.600	0.015
-40.400	-5.600	0.016
-40.300	-5.600	0.016
-40.200	-5.600	0.016
-40.100	-5.600	0.017
-40.000	-5.600	0.017
-39.900	-5.600	0.020
-39.800	-5.600	0.020
-39.700	-5.600	0.020
-39.600	-5.600	0.021
-39.500	-5.600	0.021
-39.400	-5.600	0.022
-39.300	-5.600	0.022
-39.200	-5.600	0.022
-39.100	-5.600	0.023
-39.000	-5.600	0.023
-38.900	-5.600	0.024
-38.800	-5.600	0.024
-38.700	-5.600	0.029
-38.600	-5.600	0.030
-38.500	-5.600	0.030
-38.400	-5.600	0.032
-38.300	-5.600	0.032
-38.200	-5.600	0.034
-38.100	-5.600	0.034
-38.000	-5.600	0.042
-37.900	-5.600	0.043
-37.800	-5.600	0.044
-37.700	-5.600	0.044
-37.600	-5.600	0.045
-37.500	-5.600	0.044
-37.400	-5.600	0.044
-37.300	-5.600	0.042
-37.200	-5.600	0.042
-37.100	-5.600	0.034
-37.000	-5.600	0.034
-36.900	-5.600	0.033
-36.800	-5.600	0.033
-36.700	-5.600	0.032
-36.600	-5.600	0.033
-36.500	-5.600	0.033
-36.400	-5.600	0.041
-36.300	-5.600	0.041
-36.200	-5.600	0.044
-36.100	-5.600	0.044
-36.000	-5.600	0.045
-35.900	-5.600	0.045
-35.800	-5.600	0.046
-35.700	-5.600	0.044
-35.600	-5.600	0.045
-35.500	-5.600	0.042
-35.400	-5.600	0.042
-35.300	-5.600	0.032
-40.900	-5.700	0.014
-40.800	-5.700	0.014
-40.700	-5.700	0.015
-40.600	-5.700	0.015
-40.500	-5.700	0.015
-40.400	-5.700	0.016
-40.300	-5.700	0.016
-40.200	-5.700	0.016
-40.100	-5.700	0.016
-40.000	-5.700	0.017
-39.900	-5.700	0.017
-39.800	-5.700	0.020
-39.700	-5.700	0.020
-39.600	-5.700	0.020
-39.500	-5.700	0.021
-39.400	-5.700	0.021
-39.300	-5.700	0.022
-39.200	-5.700	0.022
-39.100	-5.700	0.023
-39.000	-5.700	0.023
-38.900	-5.700	0.024
-38.800	-5.700	0.024
-38.700	-5.700	0.029
-38.600	-5.700	0.030
-38.500	-5.700	0.031
-38.400	-5.700	0.032
-38.300	-5.700	0.033
-38.200	-5.700	0.035
-38.100	-5.700	0.042
-38.000	-5.700	0.044
-37.900	-5.700	0.045
-37.800	-5.700	0.046
-37.700	-5.700	0.046
-37.600	-5.700	0.047
-37.500	-5.700	0.046
-37.400	-5.700	0.046
-37.300	-5.700	0.045
-37.200	-5.700	0.044
-37.100	-5.700	0.042
-37.000	-5.700	0.041
-36.900	-5.700	0.034
-36.800	-5.700	0.033
-36.700	-5.700	0.033
-36.600	-5.700	0.033
-36.500	-5.700	0.033
-36.400	-5.700	0.034
-36.300	-5.700	0.041
-36.200	-5.700	0.042
-36.100	-5.700	0.043
-36.000	-5.700	0.044
-35.900	-5.700	0.044
-35.800	-5.700	0.044
-35.700	-5.700	0.043
-35.600	-5.700	0.043
-35.500	-5.700	0.042
-35.400	-5.700	0.041
-35.300	-5.700	0.032
-35.200	-5.700	0.031
-40.900	-5.800	0.014
-40.800	-5.800	0.014
-40.700	-5.800	0.014
-40.600	-5.800	0.015
-40.500	-5.800	0.015
-40.400	-5.800	0.015
-40.300	-5.800	0.016
-40.200	-5.800	0.016
-40.100	-5.800	0.016
-40.000	-5.800	0.017
-39.900	-5.800	0.017
-39.800	-5.800	0.019
-39.700	-5.800	0.020
-39.600	-5.800	0.020
-39.500	-5.800	0.021
-39.400	-5.800	0.021
-39.300	-5.800	0.022
-39.200	-5.800	0.022
-39.100	-5.800	0.023
-39.000	-5.800	0.023
-38.900	-5.800	0.024
-38.800	-5.800	0.024
-38.700	-5.800	0.029
-38.600	-5.800	0.030
-38.500	-5.800	0.032
-38.400	-5.800	0.033
-38.300	-5.800	0.034
-38.200	-5.800	0.043
-38.100	-5.800	0.045
-38.000	-5.800	0.047
-37.900	-5.800	0.048
-37.800	-5.800	0.050
-37.700	-5.800	0.049
-37.600	-5.800	0.061
-37.500	-5.800	0.049
-37.400	-5.800	0.050
-37.300	-5.800	0.048
-37.200	-5.800	0.047
-37.100	-5.800	0.045
-37.000	-5.800	0.044
-36.900	-5.800	0.041
-36.800	-5.800	0.035
-36.700	-5.800	0.034
-36.600	-5.800	0.034
-36.500	-5.800	0.033
-36.400	-5.800	0.041
-36.300	-5.800	0.041
-36.200	-5.800	0.043
-36.100	-5.800	0.043
-36.000	-5.800	0.045
-35.900	-5.800	0.044
-35.800	-5.800	0.045
-35.700	-5.800	0.043
-35.600	-5.800	0.044
-35.500	-5.800	0.042
-35.400	-5.800	0.041
-35.300	-5.800	0.032
-35.200	-5.800	0.031
-40.800	-5.900	0.014
-40.700	-5.900	0.014
-40.600	-5.900	0.015
-40.500	-5.900	0.015
-40.400	-5.900	0.015
-40.300	-5.900	0.015
-40.200	-5.900	0.016
-40.100	-5.900	0.016
-40.000	-5.900	0.016
-39.900	-5.900	0.017
-39.800	-5.900	0.017
-39.700	-5.900	0.020
-39.600	-5.900	0.020
-39.500	-5.900	0.021
-39.400	-5.900	0.021
-39.300	-5.900	0.021
-39.200	-5.900	0.022
-39.100	-5.900	0.023
-39.000	-5.900	0.023
-38.900	-5.900	0.024
-38.800	-5.900	0.024
-38.700	-5.900	0.029
-38.600	-5.900	0.031
-38.500	-5.900	0.032
-38.400	-5.900	0.034
-38.300	-5.900	0.042
-38.200	-5.900	0.044
-38.100	-5.900	0.046
-38.000	-5.900	0.048
-37.900	-5.900	0.049
-37.800	-5.900	0.062
-37.700	-5.900	0.062
-37.600	-5.900	0.063
-37.500	-5.900	0.062
-37.400	-5.900	0.062
-37.300	-5.900	0.049
-37.200	-5.900	0.048
-37.100	-5.900	0.047
-37.000	-5.900	0.045
-36.900	-5.900	0.043
-36.800	-5.900	0.041
-36.700	-5.900	0.034
-36.600	-5.900	0.034
-36.500	-5.900	0.033
-36.400	-5.900	0.034
-36.300	-5.900	0.034
-36.200	-5.900	0.041
-36.100	-5.900	0.042
-36.000	-5.900	0.043
-35.900	-5.900	0.043
-35.800	-5.900	0.043
-35.700	-5.900	0.042
-35.600	-5.900	0.042
-35.500	-5.900	0.040
-35.400	-5.900	0.033
-35.300	-5.900	0.031
-35.200	-5.900	0.030
-40.800	-6.000	0.014
-40.700	-6.000	0.014
-40.600	-6.000	0.014
-40.500	-6.000	0.015
-40.400	-6.000	0.015
-40.300	-6.000	0.015
-40.200	-6.000	0.016
-40.100	-6.000	0.016
-40.000	-6.000	0.016
-39.900	-6.000	0.017
-39.800	-6.000	0.017
-39.700	-6.000	0.017
-39.600	-6.000	0.020
-39.500	-6.000	0.020
-39.400	-6.000	0.021
-39.300	-6.000	0.021
-39.200	-6.000	0.022
-39.100	-6.000	0.022
-39.000	-6.000	0.023
-38.900	-6.000	0.024
-38.800	-6.000	0.028
-38.700	-6.000	0.030
-38.600	-6.000	0.031
-38.500	-6.000	0.033
-38.400	-6.000	0.041
-38.300	-6.000	0.044
-38.200	-6.000	0.047
-38.100	-6.000	0.048
-38.000	-6.000	0.063
-37.900	-6.000	0.063
-37.800	-6.000	0.067
-37.700	-6.000	0.066
-37.600	-6.000	0.069
-37.500	-6.000	0.066
-37.400	-6.000	0.068
-37.300	-6.000	0.063
-37.200	-6.000	0.063
-37.100	-6.000	0.048
-37.000	-6.000	0.047
-36.900	-6.000	0.045
-36.800	-6.000	0.043
-36.700	-6.000	0.035
-36.600	-6.000	0.034
-36.500	-6.000	0.033
-36.400	-6.000	0.034
-36.300	-6.000	0.034
-36.200	-6.000	0.041
-36.100	-6.000	0.041
-36.000	-6.000	0.043
-35.900	-6.000	0.042
-35.800	-6.000	0.043
-35.700	-6.000	0.041
-35.600	-6.000	0.042
-35.500	-6.000	0.033
-35.400	-6.000	0.032
-35.300	-6.000	0.030
-35.200	-6.000	0.029
-40.800	-6.100	0.014
-40.700	-6.100	0.014
-40.600	-6.100	0.014
-40.500	-6.100	0.015
-40.400	-6.100	0.015
-40.300	-6.100	0.015
-40.200	-6.100	0.015
-40.100	-6.100	0.016
-40.000	-6.100	0.016
-39.900	-6.100	0.016
-39.800	-6.100	0.017
-39.700	-6.100	0.017
-39.600	-6.100	0.020
-39.500	-6.100	0.020
-39.400	-6.100	0.021
-39.300	-6.100	0.021
-39.200	-6.100	0.022
-39.100	-6.100	0.022
-39.000	-6.100	0.023
-38.900	-6.100	0.024
-38.800	-6.100	0.028
-38.700	-6.100	0.030
-38.600	-6.100	0.032
-38.500	-6.100	0.033
-38.400	-6.100	0.042
-38.300	-6.100	0.044
-38.200	-6.100	0.047
-38.100	-6.100	0.049
-38.000	-6.100	0.063
-37.900	-6.100	0.065
-37.800	-6.100	0.068
-37.700	-6.100	0.068
-37.600	-6.100	0.069
-37.500	-6.100	0.068
-37.400	-6.100	0.068
-37.300	-6.100	0.065
-37.200	-6.100	0.063
-37.100	-6.100	0.050
-37.000	-6.100	0.048
-36.900	-6.100	0.045
-36.800	-6.100	0.043
-36.700	-6.100	0.041
-36.600	-6.100	0.034
-36.500	-6.100	0.033
-36.400	-6.100	0.033
-36.300	-6.100	0.033
-36.200	-6.100	0.033
-36.100	-6.100	0.033
-36.000	-6.100	0.033
-35.900	-6.100	0.033
-35.800	-6.100	0.033
-35.700	-6.100	0.033
-35.600	-6.100	0.032
-35.500	-6.100	0.031
-35.400	-6.100	0.031
-35.300	-6.100	0.029
-35.200	-6.100	0.028
-35.100	-6.100	0.022
-40.800	-6.200	0.014
-40.700	-6.200	0.014
-40.600	-6.200	0.014
-40.500	-6.200	0.014
-40.400	-6.200	0.015
-40.300	-6.200	0.015
-40.200	-6.200	0.015
-40.100	-6.200	0.016
-40.000	-6.200	0.016
-39.900	-6.200	0.016
-39.800	-6.200	0.017
-39.700	-6.200	0.017
-39.600	-6.200	0.020
-39.500	-6.200	0.020
-39.400	-6.200	0.021
-39.300	-6.200	0.021
-39.200	-6.200	0.022
-39.100	-6.200	0.022
-39.000	-6.200	0.023
-38.900	-6.200	0.024
-38.800	-6.200	0.029
-38.700	-6.200	0.030
-38.600	-6.200	0.032
-38.500	-6.200	0.034
-38.400	-6.200	0.044
-38.300	-6.200	0.046
-38.200	-6.200	0.050
-38.100	-6.200	0.062
-38.000	-6.200	0.067
-37.900	-6.200	0.068
-37.800	-6.200	0.072
-37.700	-6.200	0.071
-37.600	-6.200	0.074
-37.500	-6.200	0.071
-37.400	-6.200	0.073
-37.300	-6.200	0.068
-37.200	-6.200	0.068
-37.100	-6.200	0.062
-37.000	-6.200	0.060
-36.900	-6.200	0.047
-36.800	-6.200	0.045
-36.700	-6.200	0.042
-36.600	-6.200	0.034
-36.500	-6.200	0.033
-36.400	-6.200	0.033
-36.300	-6.200	0.032
-36.200	-6.200	0.033
-36.100	-6.200	0.032
-36.000	-6.200	0.033
-35.900	-6.200	0.032
-35.800	-6.200	0.033
-35.700	-6.200	0.032
-35.600	-6.200	0.032
-35.500	-6.200	0.030
-35.400	-6.200	0.030
-35.300	-6.200	0.028
-35.200	-6.200	0.027
-35.100	-6.200	0.022
-40.700	-6.300	0.014
-40.600	-6.300	0.014
-40.500	-6.300	0.014
-40.400	-6.300	0.015
-40.300	-6.300	0.015
-40.200	-6.300	0.015
-40.100	-6.300	0.015
-40.000	-6.300	0.016
-39.900	-6.300	0.016
-39.800	-6.300	0.016
-39.700	-6.300	0.017
-39.600	-6.300	0.017
-39.500	-6.300	0.020
-39.400	-6.300	0.020
-39.300	-6.300	0.021
-39.200	-6.300	0.022
-39.100	-6.300	0.022
-39.000	-6.300	0.023
-38.900	-6.300	0.024
-38.800	-6.300	0.028
-38.700	-6.300	0.030
-38.600	-6.300	0.032
-38.500	-6.300	0.034
-38.400	-6.300	0.043
-38.300	-6.300	0.046
-38.200	-6.300	0.049
-38.100	-6.300	0.062
-38.000	-6.300	0.066
-37.900	-6.300	0.068
-37.800	-6.300	0.071
-37.700	-6.300	0.071
-37.600	-6.300	0.073
-37.500	-6.300	0.071
-37.400	-6.300	0.071
-37.300	-6.300	0.068
-37.200	-6.300	0.066
-37.100	-6.300	0.062
-37.000	-6.300	0.049
-36.900	-6.300	0.047
-36.800	-6.300	0.044
-36.700	-6.300	0.041
-36.600	-6.300	0.034
-36.500	-6.300	0.033
-36.400	-6.300	0.032
-36.300	-6.300	0.031
-36.200	-6.300	0.031
-36.100	-6.300	0.031
-36.000	-6.300	0.031
-35.900	-6.300	0.031
-35.800	-6.300	0.031
-35.700	-6.300	0.030
-35.600	-6.300	0.030
-35.500	-6.300	0.029
-35.400	-6.300	0.028
-35.300	-6.300	0.023
-35.200	-6.300	0.022
-35.100	-6.300	0.021
-40.800	-6.400	0.013
-40.700	-6.400	0.014
-40.600	-6.400	0.014
-40.500	-6.400	0.014
-40.400	-6.400	0.014
-40.300	-6.400	0.015
-40.200	-6.400	0.015
-40.100	-6.400	0.015
-40.000	-6.400	0.016
-39.900	-6.400	0.016
-39.800	-6.400	0.016
-39.700	-6.400	0.017
-39.600	-6.400	0.017
-39.500	-6.400	0.020
-39.400	-6.400	0.020
-39.300	-6.400	0.021
-39.200	-6.400	0.021
-39.100	-6.400	0.022
-39.000	-6.400	0.023
-38.900	-6.400	0.024
-38.800	-6.400	0.029
-38.700	-6.400	0.030
-38.600	-6.400	0.032
-38.500	-6.400	0.034
-38.400	-6.400	0.044
-38.300	-6.400	0.047
-38.200	-6.400	0.061
-38.100	-6.400	0.063
-38.000	-6.400	0.069
-37.900	-6.400	0.069
-37.800	-6.400	0.074
-37.700	-6.400	0.073
-37.600	-6.400	0.076
-37.500	-6.400	0.073
-37.400	-6.400	0.074
-37.300	-6.400	0.069
-37.200	-6.400	0.069
-37.100	-6.400	0.063
-37.000	-6.400	0.061
-36.900	-6.400	0.047
-36.800	-6.400	0.045
-36.700	-6.400	0.042
-36.600	-6.400	0.034
-36.500	-6.400	0.032
-36.400	-6.400	0.032
-36.300	-6.400	0.031
-36.200	-6.400	0.030
-36.100	-6.400	0.030
-36.000	-6.400	0.030
-35.900	-6.400	0.030
-35.800	-6.400	0.030
-35.700	-6.400	0.029
-35.600	-6.400	0.029
-35.500	-6.400	0.027
-35.400	-6.400	0.023
-35.300	-6.400	0.022
-35.200	-6.400	0.022
-35.100	-6.400	0.021
-35.000	-6.400	0.020
-40.700	-6.500	0.013
-40.600	-6.500	0.014
-40.500	-6.500	0.014
-40.400	-6.500	0.014
-40.300	-6.500	0.015
-40.200	-6.500	0.015
-40.100	-6.500	0.015
-40.000	-6.500	0.015
-39.900	-6.500	0.016
-39.800	-6.500	0.016
-39.700	-6.500	0.016
-39.600	-6.500	0.017
-39.500	-6.500	0.020
-39.400	-6.500	0.020
-39.300	-6.500	0.021
-39.200	-6.500	0.021
-39.100	-6.500	0.022
-39.000	-6.500	0.023
-38.900	-6.500	0.023
-38.800	-6.500	0.028
-38.700	-6.500	0.030
-38.600	-6.500	0.032
-38.500	-6.500	0.034
-38.400	-6.500	0.043
-38.300	-6.500	0.046
-38.200	-6.500	0.049
-38.100	-6.500	0.062
-38.000	-6.500	0.066
-37.900	-6.500	0.068
-37.800	-6.500	0.071
-37.700	-6.500	0.071
-37.600	-6.500	0.073
-37.500	-6.500	0.071
-37.400	-6.500	0.071
-37.300	-6.500	0.068
-37.200	-6.500	0.066
-37.100	-6.500	0.062
-37.000	-6.500	0.049
-36.900	-6.500	0.046
-36.800	-6.500	0.044
-36.700	-6.500	0.035
-36.600	-6.500	0.033
-36.500	-6.500	0.032
-36.400	-6.500	0.031
-36.300	-6.500	0.030
-36.200	-6.500	0.029
-36.100	-6.500	0.029
-36.000	-6.500	0.029
-35.900	-6.500	0.028
-35.800	-6.500	0.028
-35.700	-6.500	0.023
-35.600	-6.500	0.023
-35.500	-6.500	0.023
-35.400	-6.500	0.022
-35.300	-6.500	0.021
-35.200	-6.500	0.021
-35.000	-6.500	0.019
-40.700	-6.600	0.013
-40.600	-6.600	0.014
-40.500	-6.600	0.014
-40.400	-6.600	0.014
-40.300	-6.600	0.014
-40.200	-6.600	0.015
-40.100	-6.600	0.015
-40.000	-6.600	0.015
-39.900	-6.600	0.016
-39.800	-6.600	0.016
-39.700	-6.600	0.016
-39.600	-6.600	0.017
-39.500	-6.600	0.017
-39.400	-6.600	0.020
-39.300	-6.600	0.020
-39.200	-6.600	0.021
-39.100	-6.600	0.022
-39.000	-6.600	0.022
-38.900	-6.600	0.023
-38.800	-6.600	0.028
-38.700	-6.600	0.030
-38.600	-6.600	0.032
-38.500	-6.600	0.034
-38.400	-6.600	0.043
-38.300	-6.600	0.046
-38.200	-6.600	0.049
-38.100	-6.600	0.062
-38.000	-6.600	0.067
-37.900	-6.600	0.068
-37.800	-6.600	0.072
-37.700	-6.600	0.071
-37.600	-6.600	0.074
-37.500	-6.600	0.071
-37.400	-6.600	0.072
-37.300	-6.600	0.068
-37.200	-6.600	0.067
-37.100	-6.600	0.062
-37.000	-6.600	0.050
-36.900	-6.600	0.046
-36.800	-6.600	0.044
-36.700	-6.600	0.034
-36.600	-6.600	0.033
-36.500	-6.600	0.031
-36.400	-6.600	0.030
-36.300	-6.600	0.029
-36.200	-6.600	0.028
-36.100	-6.600	0.024
-36.000	-6.600	0.024
-35.900	-6.600	0.023
-35.800	-6.600	0.023
-35.700	-6.600	0.023
-35.600	-6.600	0.022
-35.500	-6.600	0.022
-35.400	-6.600	0.021
-35.300	-6.600	0.021
-35.200	-6.600	0.020
-35.100	-6.600	0.020
-35.000	-6.600	0.019
-40.600	-6.700	0.013
-40.500	-6.700	0.014
-40.400	-6.700	0.014
-40.300	-6.700	0.014
-40.200	-6.700	0.015
-40.100	-6.700	0.015
-40.000	-6.700	0.015
-39.900	-6.700	0.015
-39.800	-6.700	0.016
-39.700	-6.700	0.016
-39.600	-6.700	0.017
-39.500	-6.700	0.017
-39.400	-6.700	0.020
-39.300	-6.700	0.020
-39.200	-6.700	0.021
-39.100	-6.700	0.021
-39.000	-6.700	0.022
-38.900	-6.700	0.023
-38.800	-6.700	0.024
-38.700	-6.700	0.029
-38.600	-6.700	0.031
-38.500	-6.700	0.033
-38.400	-6.700	0.041
-38.300	-6.700	0.044
-38.200	-6.700	0.047
-38.100	-6.700	0.049
-38.000	-6.700	0.063
-37.900	-6.700	0.065
-37.800	-6.700	0.068
-37.700	-6.700	0.068
-37.600	-6.700	0.069
-37.500	-6.700	0.068
-37.400	-6.700	0.068
-37.200	-6.700	0.063
-37.100	-6.700	0.049
-37.000	-6.700	0.047
-36.900	-6.700	0.044
-36.800	-6.700	0.042
-36.700	-6.700	0.033
-36.600	-6.700	0.032
-36.500	-6.700	0.030
-36.400	-6.700	0.029
-36.300	-6.700	0.028
-36.200	-6.700	0.024
-36.100	-6.700	0.024
-36.000	-6.700	0.023
-35.900	-6.700	0.023
-35.800	-6.700	0.022
-35.700	-6.700	0.022
-35.600	-6.700	0.022
-35.500	-6.700	0.021
-35.400	-6.700	0.021
-35.300	-6.700	0.020
-35.200	-6.700	0.020
-35.100	-6.700	0.019
-35.000	-6.700	0.016
-40.400	-6.800	0.014
-40.300	-6.800	0.014
-40.200	-6.800	0.014
-40.100	-6.800	0.015
-40.000	-6.800	0.015
-39.900	-6.800	0.015
-39.800	-6.800	0.016
-39.700	-6.800	0.016
-39.600	-6.800	0.016
-39.500	-6.800	0.017
-39.400	-6.800	0.019
-39.300	-6.800	0.020
-39.200	-6.800	0.021
-39.100	-6.800	0.021
-39.000	-6.800	0.022
-38.900	-6.800	0.023
-38.800	-6.800	0.024
-38.700	-6.800	0.029
-38.600	-6.800	0.030
-38.500	-6.800	0.032
-38.400	-6.800	0.041
-38.300	-6.800	0.043
-38.200	-6.800	0.046
-38.100	-6.800	0.048
-38.000	-6.800	0.062
-37.900	-6.800	0.063
-37.800	-6.800	0.067
-37.700	-6.800	0.066
-37.600	-6.800	0.069
-37.500	-6.800	0.066
-37.400	-6.800	0.067
-37.300	-6.800	0.063
-37.200	-6.800	0.063
-37.100	-6.800	0.048
-37.000	-6.800	0.047
-36.900	-6.800	0.043
-36.800	-6.800	0.041
-36.700	-6.800	0.033
-36.600	-6.800	0.031
-36.500	-6.800	0.030
-36.400	-6.800	0.029
-36.300	-6.800	0.024
-36.200	-6.800	0.023
-36.100	-6.800	0.023
-36.000	-6.800	0.023
-35.900	-6.800	0.022
-35.800	-6.800	0.022
-35.700	-6.800	0.021
-35.600	-6.800	0.021
-35.500	-6.800	0.021
-35.400	-6.800	0.020
-35.300	-6.800	0.020
-35.200	-6.800	0.019
-35.100	-6.800	0.016
-35.000	-6.800	0.016
-40.400	-6.900	0.014
-40.300	-6.900	0.014
-40.200	-6.900	0.014
-40.100	-6.900	0.015
-40.000	-6.900	0.015
-39.900	-6.900	0.015
-39.800	-6.900	0.015
-39.700	-6.900	0.016
-39.600	-6.900	0.016
-39.500	-6.900	0.017
-39.400	-6.900	0.017
-39.300	-6.900	0.020
-39.200	-6.900	0.020
-39.100	-6.900	0.021
-39.000	-6.900	0.022
-38.900	-6.900	0.022
-38.800	-6.900	0.023
-38.700	-6.900	0.024
-38.600	-6.900	0.029
-38.500	-6.900	0.031
-38.400	-6.900	0.033
-38.300	-6.900	0.041
-38.200	-6.900	0.044
-38.100	-6.900	0.046
-38.000	-6.900	0.048
-37.900	-6.900	0.049
-37.800	-6.900	0.061
-37.700	-6.900	0.062
-37.600	-6.900	0.063
-37.500	-6.900	0.062
-37.400	-6.900	0.061
-37.300	-6.900	0.049
-37.200	-6.900	0.048
-37.100	-6.900	0.046
-37.000	-6.900	0.044
-36.900	-6.900	0.041
-36.800	-6.900	0.033
-36.700	-6.900	0.032
-36.600	-6.900	0.030
-36.500	-6.900	0.029
-36.400	-6.900	0.024
-36.300	-6.900	0.023
-36.200	-6.900	0.023
-36.100	-6.900	0.022
-36.000	-6.900	0.022
-35.900	-6.900	0.022
-35.800	-6.900	0.021
-35.700	-6.900	0.021
-35.600	-6.900	0.020
-35.500	-6.900	0.020
-35.400	-6.900	0.020
-35.300	-6.900	0.017
-35.200	-6.900	0.016
-35.100	-6.900	0.016
-35.000	-6.900	0.016
-34.900	-6.900	0.015
-40.400	-7.000	0.013
-40.300	-7.000	0.014
-40.200	-7.000	0.014
-40.100	-7.000	0.014
-40.000	-7.000	0.015
-39.900	-7.000	0.015
-39.800	-7.000	0.015
-39.700	-7.000	0.016
-39.600	-7.000	0.016
-39.500	-7.000	0.016
-39.400	-7.000	0.017
-39.300	-7.000	0.019
-39.200	-7.000	0.020
-39.100	-7.000	0.021
-39.000	-7.000	0.021
-38.900	-7.000	0.022
-38.800	-7.000	0.023
-38.700	-7.000	0.024
-38.600	-7.000	0.029
-38.500	-7.000	0.030
-38.400	-7.000	0.032
-38.300	-7.000	0.033
-38.200	-7.000	0.042
-38.100	-7.000	0.044
-38.000	-7.000	0.046
-37.900	-7.000	0.047
-37.800	-7.000	0.049
-37.700	-7.000	0.049
-37.600	-7.000	0.061
-37.500	-7.000	0.049
-37.400	-7.000	0.049
-37.300	-7.000	0.047
-37.200	-7.000	0.046
-37.100	-7.000	0.044
-37.000	-7.000	0.043
-36.900	-7.000	0.034
-36.800	-7.000	0.032
-36.700	-7.000	0.031
-36.600	-7.000	0.029
-36.500	-7.000	0.024
-36.400	-7.000	0.024
-36.300	-7.000	0.023
-36.200	-7.000	0.022
-36.100	-7.000	0.022
-36.000	-7.000	0.022
-35.900	-7.000	0.021
-35.800	-7.000	0.021
-35.700	-7.000	0.020
-35.600	-7.000	0.020
-35.500	-7.000	0.019
-35.400	-7.000	0.017
-35.300	-7.000	0.016
-35.200	-7.000	0.016
-35.100	-7.000	0.016
-35.000	-7.000	0.015
-34.900	-7.000	0.015
-40.400	-7.100	0.013
-40.300	-7.100	0.014
-40.200	-7.100	0.014
-40.100	-7.100	0.014
-40.000	-7.100	0.014
-39.900	-7.100	0.015
-39.800	-7.100	0.015
-39.700	-7.100	0.015
-39.600	-7.100	0.016
-39.500	-7.100	0.016
-39.400	-7.100	0.017
-39.300	-7.100	0.017
-39.200	-7.100	0.020
-39.100	-7.100	0.020
-39.000	-7.100	0.021
-38.900	-7.100	0.022
-38.800	-7.100	0.022
-38.700	-7.100	0.023
-38.600	-7.100	0.024
-38.500	-7.100	0.029
-38.400	-7.100	0.030
-38.300	-7.100	0.032
-38.200	-7.100	0.033
-38.100	-7.100	0.041
-38.000	-7.100	0.043
-37.900	-7.100	0.044
-37.800	-7.100	0.045
-37.700	-7.100	0.046
-37.600	-7.100	0.046
-37.500	-7.100	0.046
-37.400	-7.100	0.045
-37.300	-7.100	0.044
-37.200	-7.100	0.043
-37.100	-7.100	0.041
-37.000	-7.100	0.033
-36.900	-7.100	0.032
-36.800	-7.100	0.031
-36.700	-7.100	0.029
-36.600	-7.100	0.028
-36.500	-7.100	0.024
-36.400	-7.100	0.023
-36.300	-7.100	0.022
-36.200	-7.100	0.022
-36.100	-7.100	0.021
-36.000	-7.100	0.021
-35.900	-7.100	0.021
-35.800	-7.100	0.020
-35.700	-7.100	0.020
-35.600	-7.100	0.019
-35.500	-7.100	0.017
-35.400	-7.100	0.016
-35.300	-7.100	0.016
-35.200	-7.100	0.016
-35.100	-7.100	0.015
-35.000	-7.100	0.015
-34.900	-7.100	0.015
-40.500	-7.200	0.011
-40.400	-7.200	0.012
-40.300	-7.200	0.013
-40.200	-7.200	0.014
-40.100	-7.200	0.014
-40.000	-7.200	0.014
-39.900	-7.200	0.015
-39.800	-7.200	0.015
-39.700	-7.200	0.015
-39.600	-7.200	0.016
-39.500	-7.200	0.016
-39.400	-7.200	0.016
-39.300	-7.200	0.017
-39.200	-7.200	0.019
-39.100	-7.200	0.020
-39.000	-7.200	0.020
-38.900	-7.200	0.021
-38.800	-7.200	0.022
-38.700	-7.200	0.022
-38.600	-7.200	0.023
-38.500	-7.200	0.024
-38.400	-7.200	0.029
-38.300	-7.200	0.030
-38.200	-7.200	0.032
-38.100	-7.200	0.033
-38.000	-7.200	0.041
-37.900	-7.200	0.041
-37.800	-7.200	0.043
-37.700	-7.200	0.043
-37.600	-7.200	0.044
-37.500	-7.200	0.043
-37.400	-7.200	0.043
-37.300	-7.200	0.041
-37.200	-7.200	0.041
-37.100	-7.200	0.033
-37.000	-7.200	0.032
-36.900	-7.200	0.031
-36.800	-7.200	0.030
-36.700	-7.200	0.028
-36.600	-7.200	0.024
-36.500	-7.200	0.023
-36.400	-7.200	0.023
-36.300	-7.200	0.022
-36.200	-7.200	0.021
-36.100	-7.200	0.021
-36.000	-7.200	0.021
-35.900	-7.200	0.020
-35.800	-7.200	0.020
-35.700	-7.200	0.019
-35.600	-7.200	0.017
-35.500	-7.200	0.016
-35.400	-7.200	0.016
-35.300	-7.200	0.016
-35.200	-7.200	0.015
-35.100	-7.200	0.015
-35.000	-7.200	0.015
-34.900	-7.200	0.015
-34.800	-7.200	0.014
-40.500	-7.300	0.011
-40.400	-7.300	0.011
-40.300	-7.300	0.013
-40.200	-7.300	0.014
-40.100	-7.300	0.014
-40.000	-7.300	0.014
-39.900	-7.300	0.014
-39.800	-7.300	0.015
-39.700	-7.300	0.015
-39.600	-7.300	0.015
-39.500	-7.300	0.016
-39.400	-7.300	0.016
-39.300	-7.300	0.016
-39.200	-7.300	0.017
-39.100	-7.300	0.020
-39.000	-7.300	0.020
-38.900	-7.300	0.021
-38.800	-7.300	0.021
-38.700	-7.300	0.022
-38.600	-7.300	0.022
-38.500	-7.300	0.023
-38.400	-7.300	0.024
-38.300	-7.300	0.029
-38.200	-7.300	0.030
-38.100	-7.300	0.031
-38.000	-7.300	0.032
-37.900	-7.300	0.032
-37.800	-7.300	0.033
-37.700	-7.300	0.033
-37.600	-7.300	0.034
-37.500	-7.300	0.033
-37.400	-7.300	0.033
-37.100	-7.300	0.031
-37.000	-7.300	0.030
-36.900	-7.300	0.029
-36.800	-7.300	0.028
-36.700	-7.300	0.024
-36.600	-7.300	0.023
-36.500	-7.300	0.022
-36.400	-7.300	0.022
-36.300	-7.300	0.021
-36.200	-7.300	0.021
-36.100	-7.300	0.021
-36.000	-7.300	0.020
-35.900	-7.300	0.020
-35.800	-7.300	0.019
-35.700	-7.300	0.017
-35.600	-7.300	0.016
-35.500	-7.300	0.016
-35.400	-7.300	0.016
-35.300	-7.300	0.016
-35.200	-7.300	0.015
-35.100	-7.300	0.015
-35.000	-7.300	0.015
-34.900	-7.300	0.014
-34.800	-7.300	0.014
-39.600	-7.400	0.015
-39.500	-7.400	0.015
-39.400	-7.400	0.016
-39.300	-7.400	0.016
-39.200	-7.400	0.016
-39.100	-7.400	0.017
-39.000	-7.400	0.020
-38.900	-7.400	0.020
-38.800	-7.400	0.021
-38.700	-7.400	0.021
-38.600	-7.400	0.022
-38.500	-7.400	0.022
-38.400	-7.400	0.023
-38.300	-7.400	0.024
-38.200	-7.400	0.028
-38.100	-7.400	0.029
-38.000	-7.400	0.030
-37.900	-7.400	0.031
-37.800	-7.400	0.031
-37.700	-7.400	0.031
-37.600	-7.400	0.032
-37.500	-7.400	0.031
-37.000	-7.400	0.029
-36.900	-7.400	0.024
-36.800	-7.400	0.023
-36.700	-7.400	0.023
-36.600	-7.400	0.022
-36.500	-7.400	0.022
-36.400	-7.400	0.021
-36.300	-7.400	0.021
-36.200	-7.400	0.021
-36.100	-7.400	0.020
-36.000	-7.400	0.020
-35.900	-7.400	0.019
-35.800	-7.400	0.017
-35.700	-7.400	0.016
-35.600	-7.400	0.016
-35.500	-7.400	0.016
-35.400	-7.400	0.016
-35.100	-7.400	0.015
-35.000	-7.400	0.014
-34.900	-7.400	0.014
-39.400	-7.500	0.016
-39.300	-7.500	0.016
-39.200	-7.500	0.016
-39.100	-7.500	0.017
-39.000	-7.500	0.017
-38.900	-7.500	0.020
-38.800	-7.500	0.020
-38.700	-7.500	0.021
-38.600	-7.500	0.021
-38.500	-7.500	0.022
-38.400	-7.500	0.022
-38.300	-7.500	0.023
-38.200	-7.500	0.023
-38.100	-7.500	0.024
-38.000	-7.500	0.028
-37.900	-7.500	0.029
-37.800	-7.500	0.029
-37.700	-7.500	0.029
-37.600	-7.500	0.029
-37.000	-7.500	0.023
-36.900	-7.500	0.023
-36.800	-7.500	0.023
-36.700	-7.500	0.022
-36.600	-7.500	0.022
-36.500	-7.500	0.021
-36.400	-7.500	0.021
-36.300	-7.500	0.020
-36.200	-7.500	0.020
-36.100	-7.500	0.020
-36.000	-7.500	0.017
-35.900	-7.500	0.017
-35.800	-7.500	0.016
-35.700	-7.500	0.016
-35.600	-7.500	0.016
-34.900	-7.500	0.014
-39.400	-7.600	0.015
-39.300	-7.600	0.016
-39.200	-7.600	0.016
-39.100	-7.600	0.016
-39.000	-7.600	0.017
-38.900	-7.600	0.017
-38.800	-7.600	0.020
-38.700	-7.600	0.020
-38.600	-7.600	0.021
-38.500	-7.600	0.021
-38.400	-7.600	0.022
-38.300	-7.600	0.022
-38.200	-7.600	0.022
-38.100	-7.600	0.023
-38.000	-7.600	0.023
-37.900	-7.600	0.023
-37.800	-7.600	0.024
-37.100	-7.600	0.023
-37.000	-7.600	0.023
-36.900	-7.600	0.022
-36.800	-7.600	0.022
-36.700	-7.600	0.021
-36.600	-7.600	0.021
-36.500	-7.600	0.021
-36.400	-7.600	0.020
-36.300	-7.600	0.020
-36.200	-7.600	0.020
-36.100	-7.600	0.017
-36.000	-7.600	0.017
-35.900	-7.600	0.016
-35.800	-7.600	0.016
-35.700	-7.600	0.016
-35.600	-7.600	0.015
-39.100	-7.700	0.016
-39.000	-7.700	0.016
-38.900	-7.700	0.017
-38.600	-7.700	0.020
-38.500	-7.700	0.020
-38.400	-7.700	0.021
-38.300	-7.700	0.021
-38.200	-7.700	0.022
-38.100	-7.700	0.022
-38.000	-7.700	0.022
-37.100	-7.700	0.022
-37.000	-7.700	0.022
-36.900	-7.700	0.021
-36.800	-7.700	0.021
-36.700	-7.700	0.021
-36.600	-7.700	0.020
-36.500	-7.700	0.020
-36.400	-7.700	0.020
-36.300	-7.700	0.019
-36.200	-7.700	0.017
-36.100	-7.700	0.016
-36.000	-7.700	0.016
-35.900	-7.700	0.016
-35.800	-7.700	0.016
-35.700	-7.700	0.015
-39.000	-7.800	0.016
-38.200	-7.800	0.021
-38.100	-7.800	0.021
-37.100	-7.800	0.021
-37.000	-7.800	0.021
-36.900	-7.800	0.021
-36.800	-7.800	0.020
-36.700	-7.800	0.020
-36.600	-7.800	0.020
-36.500	-7.800	0.020
-36.400	-7.800	0.017
-36.300	-7.800	0.017
-36.000	-7.800	0.016
-37.200	-7.900	0.021
-37.100	-7.900	0.021
-37.000	-7.900	0.020
-36.900	-7.900	0.020
-36.800	-7.900	0.020
-36.700	-7.900	0.020
-36.600	-7.900	0.019
-36.500	-7.900	0.017
-37.100	-8.000	0.020
-37.000	-8.000	0.020
-36.900	-8.000	0.019
-36.800	-8.000	0.017
-36.700	-8.000	0.017
-37.100	-8.100	0.017
-37.000	-8.100	0.017
-36.900	-8.100	0.017
-36.800	-8.100	0.016
-36.700	-8.100	0.016
-37.100	-8.200	0.016
-37.000	-8.200	0.016
-36.900	-8.200	0.016
