-40.500	-2.800	0.038
-41.200	-2.900	0.025
-41.100	-2.900	0.027
-41.000	-2.900	0.030
-40.900	-2.900	0.031
-40.800	-2.900	0.033
-40.700	-2.900	0.035
-40.600	-2.900	0.039
-40.500	-2.900	0.041
-40.400	-2.900	0.044
-40.300	-2.900	0.046
-40.200	-2.900	0.050
-40.100	-2.900	0.053
-40.000	-2.900	0.054
-39.900	-2.900	0.055
-41.200	-3.000	0.026
-41.100	-3.000	0.029
-41.000	-3.000	0.031
-40.900	-3.000	0.033
-40.800	-3.000	0.035
-40.700	-3.000	0.040
-40.600	-3.000	0.042
-40.500	-3.000	0.045
-40.400	-3.000	0.050
-40.300	-3.000	0.054
-40.200	-3.000	0.057
-40.100	-3.000	0.059
-40.000	-3.000	0.065
-39.900	-3.000	0.066
-39.800	-3.000	0.067
-39.700	-3.000	0.067
-41.200	-3.100	0.029
-41.100	-3.100	0.031
-41.000	-3.100	0.033
-40.900	-3.100	0.035
-40.800	-3.100	0.039
-40.700	-3.100	0.043
-40.600	-3.100	0.046
-40.500	-3.100	0.052
-40.400	-3.100	0.056
-40.300	-3.100	0.060
-40.200	-3.100	0.068
-40.100	-3.100	0.072
-40.000	-3.100	0.075
-39.900	-3.100	0.077
-39.800	-3.100	0.078
-39.700	-3.100	0.078
-39.600	-3.100	0.077
-41.300	-3.200	0.028
-41.200	-3.200	0.030
-41.100	-3.200	0.032
-41.000	-3.200	0.034
-40.900	-3.200	0.039
-40.800	-3.200	0.042
-40.700	-3.200	0.046
-40.600	-3.200	0.052
-40.500	-3.200	0.057
-40.400	-3.200	0.066
-40.300	-3.200	0.072
-40.200	-3.200	0.082
-40.100	-3.200	0.087
-40.000	-3.200	0.093
-39.900	-3.200	0.095
-39.800	-3.200	0.097
-39.700	-3.200	0.096
-39.600	-3.200	0.094
-39.500	-3.200	0.090
-39.400	-3.200	0.086
-41.300	-3.300	0.029
-41.200	-3.300	0.031
-41.100	-3.300	0.034
-41.000	-3.300	0.038
-40.900	-3.300	0.041
-40.800	-3.300	0.045
-40.700	-3.300	0.052
-40.600	-3.300	0.057
-40.500	-3.300	0.067
-40.400	-3.300	0.075
-40.300	-3.300	0.086
-40.200	-3.300	0.095
-40.100	-3.300	0.101
-40.000	-3.300	0.107
-39.900	-3.300	0.109
-39.800	-3.300	0.119
-39.700	-3.300	0.110
-39.600	-3.300	0.109
-39.500	-3.300	0.103
-39.400	-3.300	0.099
-39.300	-3.300	0.092
-39.200	-3.300	0.082
-41.300	-3.400	0.030
-41.200	-3.400	0.032
-41.100	-3.400	0.035
-41.000	-3.400	0.040
-40.900	-3.400	0.043
-40.800	-3.400	0.050
-40.700	-3.400	0.056
-40.600	-3.400	0.066
-40.500	-3.400	0.074
-40.400	-3.400	0.089
-40.300	-3.400	0.098
-40.200	-3.400	0.116
-40.100	-3.400	0.123
-40.000	-3.400	0.134
-39.900	-3.400	0.135
-39.800	-3.400	0.140
-39.700	-3.400	0.136
-39.600	-3.400	0.135
-39.500	-3.400	0.126
-39.400	-3.400	0.120
-39.300	-3.400	0.105
-39.200	-3.400	0.098
-39.100	-3.400	0.092
-41.300	-3.500	0.031
-41.200	-3.500	0.033
-41.100	-3.500	0.038
-41.000	-3.500	0.041
-40.900	-3.500	0.045
-40.800	-3.500	0.053
-40.700	-3.500	0.060
-40.600	-3.500	0.072
-40.500	-3.500	0.086
-40.400	-3.500	0.098
-40.300	-3.500	0.109
-40.200	-3.500	0.129
-40.100	-3.500	0.137
-40.000	-3.500	0.148
-39.900	-3.500	0.149
-39.800	-3.500	0.155
-39.700	-3.500	0.150
-39.600	-3.500	0.149
-39.500	-3.500	0.140
-39.400	-3.500	0.134
-39.300	-3.500	0.123
-39.200	-3.500	0.109
-39.100	-3.500	0.102
-39.000	-3.500	0.097
-41.300	-3.600	0.032
-41.200	-3.600	0.034
-41.100	-3.600	0.039
-41.000	-3.600	0.043
-40.900	-3.600	0.050
-40.800	-3.600	0.056
-40.700	-3.600	0.068
-40.600	-3.600	0.082
-40.500	-3.600	0.095
-40.400	-3.600	0.116
-40.300	-3.600	0.129
-40.200	-3.600	0.156
-40.100	-3.600	0.154
-40.000	-3.600	0.182
-39.900	-3.600	0.179
-39.800	-3.600	0.192
-39.700	-3.600	0.180
-39.600	-3.600	0.184
-39.500	-3.600	0.157
-39.400	-3.600	0.162
-39.300	-3.600	0.138
-39.200	-3.600	0.131
-39.100	-3.600	0.113
-39.000	-3.600	0.108
-38.900	-3.600	0.104
-38.800	-3.600	0.103
-41.200	-3.700	0.035
-41.100	-3.700	0.040
-41.000	-3.700	0.044
-40.900	-3.700	0.052
-40.800	-3.700	0.059
-40.700	-3.700	0.071
-40.600	-3.700	0.087
-40.500	-3.700	0.101
-40.400	-3.700	0.123
-40.300	-3.700	0.137
-40.200	-3.700	0.154
-40.100	-3.700	0.162
-40.000	-3.700	0.188
-39.900	-3.700	0.188
-39.800	-3.700	0.197
-39.700	-3.700	0.189
-39.600	-3.700	0.190
-39.500	-3.700	0.175
-39.400	-3.700	0.170
-39.300	-3.700	0.147
-39.200	-3.700	0.140
-39.100	-3.700	0.130
-39.000	-3.700	0.125
-38.900	-3.700	0.115
-38.800	-3.700	0.121
-38.700	-3.700	0.114
-38.600	-3.700	0.122
-41.200	-3.800	0.035
-41.100	-3.800	0.041
-41.000	-3.800	0.045
-40.900	-3.800	0.054
-40.800	-3.800	0.064
-40.700	-3.800	0.075
-40.600	-3.800	0.092
-40.500	-3.800	0.107
-40.400	-3.800	0.133
-40.300	-3.800	0.148
-40.200	-3.800	0.182
-40.100	-3.800	0.188
-40.000	-3.800	0.225
-39.900	-3.800	0.206
-39.800	-3.800	0.238
-39.700	-3.800	0.207
-39.600	-3.800	0.228
-39.500	-3.800	0.193
-39.400	-3.800	0.191
-39.300	-3.800	0.160
-39.200	-3.800	0.164
-39.100	-3.800	0.143
-39.000	-3.800	0.140
-38.900	-3.800	0.135
-38.800	-3.800	0.138
-38.700	-3.800	0.137
-38.600	-3.800	0.142
-38.500	-3.800	0.140
-41.200	-3.900	0.036
-41.100	-3.900	0.041
-41.000	-3.900	0.046
-40.900	-3.900	0.054
-40.800	-3.900	0.066
-40.700	-3.900	0.076
-40.600	-3.900	0.094
-40.500	-3.900	0.109
-40.400	-3.900	0.134
-40.300	-3.900	0.149
-40.200	-3.900	0.179
-40.100	-3.900	0.187
-40.000	-3.900	0.206
-39.900	-3.900	0.205
-39.800	-3.900	0.216
-39.700	-3.900	0.207
-39.600	-3.900	0.209
-39.500	-3.900	0.193
-39.400	-3.900	0.189
-39.300	-3.900	0.163
-39.200	-3.900	0.158
-39.100	-3.900	0.149
-39.000	-3.900	0.147
-38.900	-3.900	0.144
-38.800	-3.900	0.149
-38.700	-3.900	0.149
-38.600	-3.900	0.155
-38.500	-3.900	0.154
-38.400	-3.900	0.157
-41.200	-4.000	0.036
-41.100	-4.000	0.041
-41.000	-4.000	0.046
-40.900	-4.000	0.055
-40.800	-4.000	0.066
-40.700	-4.000	0.077
-40.600	-4.000	0.096
-40.500	-4.000	0.118
-40.400	-4.000	0.140
-40.300	-4.000	0.154
-40.200	-4.000	0.192
-40.100	-4.000	0.197
-40.000	-4.000	0.238
-39.900	-4.000	0.216
-39.800	-4.000	0.252
-39.700	-4.000	0.218
-39.600	-4.000	0.242
-39.500	-4.000	0.204
-39.400	-4.000	0.204
-39.300	-4.000	0.182
-39.200	-4.000	0.180
-39.100	-4.000	0.158
-39.000	-4.000	0.170
-38.900	-4.000	0.157
-38.800	-4.000	0.177
-38.700	-4.000	0.175
-38.600	-4.000	0.190
-38.500	-4.000	0.183
-38.400	-4.000	0.194
-38.300	-4.000	0.180
-41.100	-4.100	0.041
-41.000	-4.100	0.046
-40.900	-4.100	0.054
-40.800	-4.100	0.066
-40.700	-4.100	0.076
-40.600	-4.100	0.094
-40.500	-4.100	0.109
-40.400	-4.100	0.134
-40.300	-4.100	0.149
-40.200	-4.100	0.179
-40.100	-4.100	0.187
-40.000	-4.100	0.206
-39.900	-4.100	0.205
-39.800	-4.100	0.217
-39.700	-4.100	0.207
-39.600	-4.100	0.210
-39.500	-4.100	0.195
-39.400	-4.100	0.192
-39.300	-4.100	0.177
-39.200	-4.100	0.174
-39.100	-4.100	0.159
-39.000	-4.100	0.161
-38.900	-4.100	0.161
-38.800	-4.100	0.180
-38.700	-4.100	0.182
-38.600	-4.100	0.194
-38.500	-4.100	0.191
-38.400	-4.100	0.199
-38.300	-4.100	0.189
-38.200	-4.100	0.188
-41.100	-4.200	0.041
-41.000	-4.200	0.045
-40.900	-4.200	0.054
-40.800	-4.200	0.064
-40.700	-4.200	0.075
-40.600	-4.200	0.092
-40.500	-4.200	0.107
-40.400	-4.200	0.134
-40.300	-4.200	0.148
-40.200	-4.200	0.182
-40.100	-4.200	0.188
-40.000	-4.200	0.225
-39.900	-4.200	0.207
-39.800	-4.200	0.239
-39.700	-4.200	0.209
-39.600	-4.200	0.231
-39.500	-4.200	0.197
-39.400	-4.200	0.199
-39.300	-4.200	0.181
-39.200	-4.200	0.183
-39.100	-4.200	0.173
-39.000	-4.200	0.183
-38.900	-4.200	0.181
-38.800	-4.200	0.199
-38.700	-4.200	0.197
-38.600	-4.200	0.231
-38.500	-4.200	0.209
-38.400	-4.200	0.239
-38.300	-4.200	0.207
-38.200	-4.200	0.226
-38.100	-4.200	0.188
-41.100	-4.300	0.040
-41.000	-4.300	0.044
-40.900	-4.300	0.052
-40.800	-4.300	0.059
-40.700	-4.300	0.072
-40.600	-4.300	0.087
-40.500	-4.300	0.101
-40.400	-4.300	0.123
-40.300	-4.300	0.137
-40.200	-4.300	0.154
-40.100	-4.300	0.162
-40.000	-4.300	0.188
-39.900	-4.300	0.188
-39.800	-4.300	0.199
-39.700	-4.300	0.191
-39.600	-4.300	0.194
-39.500	-4.300	0.182
-39.400	-4.300	0.180
-39.300	-4.300	0.161
-39.200	-4.300	0.161
-39.100	-4.300	0.159
-39.000	-4.300	0.174
-38.900	-4.300	0.177
-38.800	-4.300	0.192
-38.700	-4.300	0.195
-38.600	-4.300	0.210
-38.500	-4.300	0.207
-38.400	-4.300	0.217
-38.300	-4.300	0.206
-38.200	-4.300	0.206
-38.100	-4.300	0.188
-38.000	-4.300	0.179
-41.100	-4.400	0.039
-41.000	-4.400	0.043
-40.900	-4.400	0.050
-40.800	-4.400	0.056
-40.700	-4.400	0.068
-40.600	-4.400	0.082
-40.500	-4.400	0.095
-40.400	-4.400	0.116
-40.300	-4.400	0.129
-40.200	-4.400	0.156
-40.100	-4.400	0.154
-40.000	-4.400	0.183
-39.900	-4.400	0.180
-39.800	-4.400	0.194
-39.700	-4.400	0.183
-39.600	-4.400	0.190
-39.500	-4.400	0.175
-39.400	-4.400	0.177
-39.300	-4.400	0.157
-39.200	-4.400	0.170
-39.100	-4.400	0.158
-39.000	-4.400	0.181
-38.900	-4.400	0.183
-38.800	-4.400	0.204
-38.700	-4.400	0.204
-38.600	-4.400	0.242
-38.500	-4.400	0.218
-38.400	-4.400	0.252
-38.300	-4.400	0.216
-38.200	-4.400	0.238
-38.100	-4.400	0.197
-38.000	-4.400	0.192
-37.900	-4.400	0.155
-37.800	-4.400	0.141
-41.100	-4.500	0.038
-41.000	-4.500	0.042
-40.900	-4.500	0.046
-40.800	-4.500	0.054
-40.700	-4.500	0.060
-40.600	-4.500	0.072
-40.500	-4.500	0.087
-40.400	-4.500	0.099
-40.300	-4.500	0.109
-40.200	-4.500	0.129
-40.100	-4.500	0.137
-40.000	-4.500	0.149
-39.900	-4.500	0.151
-39.800	-4.500	0.157
-39.700	-4.500	0.154
-39.600	-4.500	0.155
-39.500	-4.500	0.149
-39.400	-4.500	0.149
-39.300	-4.500	0.144
-39.200	-4.500	0.147
-39.100	-4.500	0.149
-39.000	-4.500	0.158
-38.900	-4.500	0.164
-38.800	-4.500	0.189
-38.700	-4.500	0.193
-38.600	-4.500	0.209
-38.500	-4.500	0.207
-38.400	-4.500	0.216
-38.300	-4.500	0.206
-38.200	-4.500	0.206
-38.100	-4.500	0.188
-38.000	-4.500	0.179
-37.900	-4.500	0.150
-37.800	-4.500	0.136
-41.200	-4.600	0.033
-41.100	-4.600	0.035
-41.000	-4.600	0.040
-40.900	-4.600	0.044
-40.800	-4.600	0.051
-40.700	-4.600	0.057
-40.600	-4.600	0.067
-40.500	-4.600	0.075
-40.400	-4.600	0.089
-40.300	-4.600	0.099
-40.200	-4.600	0.117
-40.100	-4.600	0.124
-40.000	-4.600	0.135
-39.900	-4.600	0.137
-39.800	-4.600	0.143
-39.700	-4.600	0.140
-39.600	-4.600	0.142
-39.500	-4.600	0.137
-39.400	-4.600	0.138
-39.300	-4.600	0.135
-39.200	-4.600	0.140
-39.100	-4.600	0.143
-39.000	-4.600	0.164
-38.900	-4.600	0.161
-38.800	-4.600	0.192
-38.700	-4.600	0.193
-38.600	-4.600	0.228
-38.500	-4.600	0.208
-38.400	-4.600	0.239
-38.300	-4.600	0.207
-38.200	-4.600	0.226
-38.100	-4.600	0.189
-38.000	-4.600	0.184
-37.900	-4.600	0.150
-37.800	-4.600	0.136
-37.700	-4.600	0.111
-41.200	-4.700	0.032
-41.100	-4.700	0.034
-41.000	-4.700	0.038
-40.900	-4.700	0.042
-40.800	-4.700	0.045
-40.700	-4.700	0.053
-40.600	-4.700	0.058
-40.500	-4.700	0.068
-40.400	-4.700	0.075
-40.300	-4.700	0.087
-40.200	-4.700	0.096
-40.100	-4.700	0.102
-40.000	-4.700	0.109
-39.900	-4.700	0.111
-39.800	-4.700	0.122
-39.700	-4.700	0.115
-39.600	-4.700	0.123
-39.500	-4.700	0.114
-39.400	-4.700	0.121
-39.300	-4.700	0.115
-39.200	-4.700	0.126
-39.100	-4.700	0.130
-39.000	-4.700	0.140
-38.900	-4.700	0.148
-38.800	-4.700	0.170
-38.700	-4.700	0.176
-38.600	-4.700	0.191
-38.500	-4.700	0.189
-38.400	-4.700	0.198
-38.300	-4.700	0.189
-38.200	-4.700	0.189
-38.100	-4.700	0.164
-38.000	-4.700	0.156
-37.900	-4.700	0.140
-37.800	-4.700	0.127
-37.700	-4.700	0.106
-37.600	-4.700	0.095
-37.500	-4.700	0.081
-37.400	-4.700	0.074
-41.200	-4.800	0.031
-41.100	-4.800	0.033
-41.000	-4.800	0.035
-40.900	-4.800	0.040
-40.800	-4.800	0.043
-40.700	-4.800	0.046
-40.600	-4.800	0.053
-40.500	-4.800	0.058
-40.400	-4.800	0.067
-40.300	-4.800	0.073
-40.200	-4.800	0.084
-40.100	-4.800	0.089
-40.000	-4.800	0.095
-39.900	-4.800	0.098
-39.800	-4.800	0.101
-39.700	-4.800	0.101
-39.600	-4.800	0.102
-39.500	-4.800	0.102
-39.400	-4.800	0.103
-39.300	-4.800	0.105
-39.200	-4.800	0.109
-39.100	-4.800	0.114
-39.000	-4.800	0.132
-38.900	-4.800	0.139
-38.800	-4.800	0.163
-38.700	-4.800	0.158
-38.600	-4.800	0.185
-38.500	-4.800	0.181
-38.400	-4.800	0.194
-38.300	-4.800	0.181
-38.200	-4.800	0.184
-38.100	-4.800	0.157
-38.000	-4.800	0.160
-37.900	-4.800	0.134
-37.800	-4.800	0.122
-37.700	-4.800	0.103
-37.600	-4.800	0.093
-37.500	-4.800	0.080
-37.400	-4.800	0.074
-37.300	-4.800	0.067
-41.200	-4.900	0.029
-41.100	-4.900	0.032
-41.000	-4.900	0.034
-40.900	-4.900	0.036
-40.800	-4.900	0.040
-40.700	-4.900	0.044
-40.600	-4.900	0.047
-40.500	-4.900	0.053
-40.400	-4.900	0.058
-40.300	-4.900	0.065
-40.200	-4.900	0.070
-40.100	-4.900	0.074
-40.000	-4.900	0.078
-39.900	-4.900	0.080
-39.800	-4.900	0.082
-39.700	-4.900	0.083
-39.600	-4.900	0.089
-39.500	-4.900	0.085
-39.400	-4.900	0.092
-39.300	-4.900	0.094
-39.200	-4.900	0.098
-39.100	-4.900	0.103
-39.000	-4.900	0.111
-38.900	-4.900	0.124
-38.800	-4.900	0.136
-38.700	-4.900	0.142
-38.600	-4.900	0.151
-38.500	-4.900	0.152
-38.400	-4.900	0.157
-38.300	-4.900	0.152
-38.200	-4.900	0.151
-38.100	-4.900	0.142
-38.000	-4.900	0.135
-37.900	-4.900	0.117
-37.800	-4.900	0.108
-37.700	-4.900	0.099
-37.600	-4.900	0.086
-37.500	-4.900	0.080
-37.400	-4.900	0.075
-37.300	-4.900	0.068
-41.100	-5.000	0.030
-41.000	-5.000	0.032
-40.900	-5.000	0.034
-40.800	-5.000	0.036
-40.700	-5.000	0.041
-40.600	-5.000	0.044
-40.500	-5.000	0.046
-40.400	-5.000	0.052
-40.300	-5.000	0.056
-40.200	-5.000	0.059
-40.100	-5.000	0.062
-40.000	-5.000	0.068
-39.900	-5.000	0.070
-39.800	-5.000	0.072
-39.700	-5.000	0.074
-39.600	-5.000	0.075
-39.500	-5.000	0.077
-39.400	-5.000	0.078
-39.300	-5.000	0.081
-39.200	-5.000	0.084
-39.100	-5.000	0.094
-39.000	-5.000	0.101
-38.900	-5.000	0.108
-38.800	-5.000	0.123
-38.700	-5.000	0.129
-38.600	-5.000	0.138
-38.500	-5.000	0.139
-38.400	-5.000	0.145
-38.300	-5.000	0.140
-38.200	-5.000	0.140
-38.100	-5.000	0.132
-38.000	-5.000	0.127
-37.900	-5.000	0.111
-37.800	-5.000	0.104
-37.700	-5.000	0.097
-37.600	-5.000	0.086
-37.500	-5.000	0.082
-37.400	-5.000	0.077
-37.300	-5.000	0.071
-37.200	-5.000	0.068
-37.100	-5.000	0.067
-37.000	-5.000	0.066
-36.900	-5.000	0.066
-41.000	-5.100	0.031
-40.900	-5.100	0.033
-40.800	-5.100	0.035
-40.700	-5.100	0.037
-40.600	-5.100	0.041
-40.500	-5.100	0.043
-40.400	-5.100	0.046
-40.300	-5.100	0.048
-40.200	-5.100	0.053
-40.100	-5.100	0.056
-40.000	-5.100	0.058
-39.900	-5.100	0.060
-39.800	-5.100	0.062
-39.700	-5.100	0.063
-39.600	-5.100	0.064
-39.500	-5.100	0.066
-39.400	-5.100	0.071
-39.300	-5.100	0.074
-39.200	-5.100	0.077
-39.100	-5.100	0.081
-39.000	-5.100	0.086
-38.900	-5.100	0.096
-38.800	-5.100	0.103
-38.700	-5.100	0.108
-38.600	-5.100	0.114
-38.500	-5.100	0.116
-38.400	-5.100	0.127
-38.300	-5.100	0.118
-38.200	-5.100	0.125
-38.100	-5.100	0.114
-38.000	-5.100	0.111
-37.900	-5.100	0.106
-37.800	-5.100	0.102
-37.700	-5.100	0.097
-37.600	-5.100	0.088
-37.500	-5.100	0.084
-37.400	-5.100	0.081
-37.300	-5.100	0.078
-37.200	-5.100	0.072
-37.100	-5.100	0.071
-37.000	-5.100	0.070
-36.900	-5.100	0.070
-36.800	-5.100	0.074
-36.700	-5.100	0.078
-36.600	-5.100	0.082
-36.500	-5.100	0.093
-36.400	-5.100	0.103
-36.300	-5.100	0.112
-36.200	-5.100	0.130
-36.100	-5.100	0.137
-36.000	-5.100	0.148
-35.900	-5.100	0.149
-35.800	-5.100	0.154
-40.900	-5.200	0.031
-40.800	-5.200	0.033
-40.700	-5.200	0.035
-40.600	-5.200	0.036
-40.500	-5.200	0.040
-40.400	-5.200	0.042
-40.300	-5.200	0.044
-40.200	-5.200	0.046
-40.100	-5.200	0.048
-40.000	-5.200	0.052
-39.900	-5.200	0.054
-39.800	-5.200	0.056
-39.700	-5.200	0.057
-39.600	-5.200	0.059
-39.500	-5.200	0.060
-39.400	-5.200	0.062
-39.300	-5.200	0.065
-39.200	-5.200	0.067
-39.100	-5.200	0.074
-39.000	-5.200	0.078
-38.900	-5.200	0.083
-38.800	-5.200	0.093
-38.700	-5.200	0.098
-38.600	-5.200	0.103
-38.500	-5.200	0.106
-38.400	-5.200	0.109
-38.300	-5.200	0.110
-38.200	-5.200	0.111
-38.100	-5.200	0.109
-38.000	-5.200	0.108
-37.900	-5.200	0.106
-37.800	-5.200	0.103
-37.700	-5.200	0.100
-37.600	-5.200	0.097
-37.500	-5.200	0.090
-37.400	-5.200	0.087
-37.300	-5.200	0.084
-37.200	-5.200	0.081
-37.100	-5.200	0.079
-37.000	-5.200	0.078
-36.900	-5.200	0.079
-36.800	-5.200	0.080
-36.700	-5.200	0.084
-36.600	-5.200	0.094
-36.500	-5.200	0.102
-36.400	-5.200	0.121
-36.300	-5.200	0.132
-36.200	-5.200	0.157
-36.100	-5.200	0.155
-36.000	-5.200	0.183
-35.900	-5.200	0.179
-35.800	-5.200	0.192
-35.700	-5.200	0.179
-35.600	-5.200	0.182
-35.500	-5.200	0.154
-40.900	-5.300	0.030
-40.800	-5.300	0.031
-40.700	-5.300	0.033
-40.600	-5.300	0.034
-40.500	-5.300	0.036
-40.400	-5.300	0.038
-40.300	-5.300	0.041
-40.200	-5.300	0.043
-40.100	-5.300	0.045
-40.000	-5.300	0.046
-39.900	-5.300	0.048
-39.800	-5.300	0.049
-39.700	-5.300	0.051
-39.600	-5.300	0.052
-39.500	-5.300	0.056
-39.400	-5.300	0.058
-39.300	-5.300	0.060
-39.200	-5.300	0.063
-39.100	-5.300	0.066
-39.000	-5.300	0.072
-38.900	-5.300	0.077
-38.800	-5.300	0.081
-38.700	-5.300	0.085
-38.600	-5.300	0.094
-38.500	-5.300	0.098
-38.400	-5.300	0.102
-38.300	-5.300	0.104
-38.200	-5.300	0.106
-38.100	-5.300	0.107
-38.000	-5.300	0.109
-37.900	-5.300	0.108
-37.800	-5.300	0.109
-37.700	-5.300	0.107
-37.600	-5.300	0.106
-37.500	-5.300	0.103
-37.400	-5.300	0.100
-37.300	-5.300	0.092
-37.200	-5.300	0.089
-37.100	-5.300	0.087
-37.000	-5.300	0.085
-36.900	-5.300	0.085
-36.800	-5.300	0.086
-36.700	-5.300	0.089
-36.600	-5.300	0.100
-36.500	-5.300	0.109
-36.400	-5.300	0.128
-36.300	-5.300	0.140
-36.200	-5.300	0.155
-36.100	-5.300	0.163
-36.000	-5.300	0.188
-35.900	-5.300	0.187
-35.800	-5.300	0.196
-35.700	-5.300	0.187
-35.600	-5.300	0.187
-35.500	-5.300	0.162
-35.400	-5.300	0.154
-40.900	-5.400	0.027
-40.800	-5.400	0.030
-40.700	-5.400	0.031
-40.600	-5.400	0.032
-40.500	-5.400	0.034
-40.400	-5.400	0.035
-40.300	-5.400	0.037
-40.200	-5.400	0.038
-40.100	-5.400	0.042
-40.000	-5.400	0.043
-39.900	-5.400	0.045
-39.800	-5.400	0.046
-39.700	-5.400	0.047
-39.600	-5.400	0.049
-39.500	-5.400	0.051
-39.400	-5.400	0.052
-39.300	-5.400	0.057
-39.200	-5.400	0.059
-39.100	-5.400	0.062
-39.000	-5.400	0.065
-38.900	-5.400	0.069
-38.800	-5.400	0.076
-38.700	-5.400	0.080
-38.600	-5.400	0.084
-38.500	-5.400	0.089
-38.400	-5.400	0.098
-38.300	-5.400	0.102
-38.200	-5.400	0.107
-38.100	-5.400	0.110
-38.000	-5.400	0.114
-37.900	-5.400	0.116
-37.800	-5.400	0.125
-37.700	-5.400	0.119
-37.600	-5.400	0.125
-37.500	-5.400	0.116
-37.400	-5.400	0.114
-37.300	-5.400	0.109
-37.200	-5.400	0.105
-37.100	-5.400	0.101
-37.000	-5.400	0.098
-36.900	-5.400	0.092
-36.800	-5.400	0.097
-36.700	-5.400	0.101
-36.600	-5.400	0.107
-36.500	-5.400	0.123
-36.400	-5.400	0.139
-36.300	-5.400	0.151
-36.200	-5.400	0.184
-36.100	-5.400	0.189
-36.000	-5.400	0.225
-35.900	-5.400	0.206
-35.800	-5.400	0.237
-35.700	-5.400	0.206
-35.600	-5.400	0.225
-35.500	-5.400	0.188
-35.400	-5.400	0.182
-40.900	-5.500	0.026
-40.800	-5.500	0.027
-40.700	-5.500	0.028
-40.600	-5.500	0.031
-40.500	-5.500	0.032
-40.400	-5.500	0.034
-40.300	-5.500	0.035
-40.200	-5.500	0.036
-40.100	-5.500	0.038
-40.000	-5.500	0.039
-39.900	-5.500	0.042
-39.800	-5.500	0.043
-39.700	-5.500	0.045
-39.600	-5.500	0.046
-39.500	-5.500	0.048
-39.400	-5.500	0.050
-39.300	-5.500	0.052
-39.200	-5.500	0.054
-39.100	-5.500	0.059
-39.000	-5.500	0.062
-38.900	-5.500	0.066
-38.800	-5.500	0.070
-38.700	-5.500	0.077
-38.600	-5.500	0.082
-38.500	-5.500	0.087
-38.400	-5.500	0.098
-38.300	-5.500	0.104
-38.200	-5.500	0.111
-38.100	-5.500	0.117
-38.000	-5.500	0.131
-37.900	-5.500	0.135
-37.800	-5.500	0.141
-37.700	-5.500	0.141
-37.600	-5.500	0.144
-37.500	-5.500	0.140
-37.400	-5.500	0.138
-37.300	-5.500	0.124
-37.200	-5.500	0.119
-37.100	-5.500	0.113
-37.000	-5.500	0.108
-36.900	-5.500	0.105
-36.800	-5.500	0.104
-36.700	-5.500	0.106
-36.600	-5.500	0.112
-36.500	-5.500	0.127
-36.400	-5.500	0.142
-36.300	-5.500	0.153
-36.200	-5.500	0.181
-36.100	-5.500	0.188
-36.000	-5.500	0.206
-35.900	-5.500	0.205
-35.800	-5.500	0.215
-35.700	-5.500	0.204
-35.600	-5.500	0.205
-35.500	-5.500	0.187
-35.400	-5.500	0.178
-35.300	-5.500	0.149
-40.900	-5.600	0.025
-40.800	-5.600	0.026
-40.700	-5.600	0.027
-40.600	-5.600	0.028
-40.500	-5.600	0.031
-40.400	-5.600	0.032
-40.300	-5.600	0.033
-40.200	-5.600	0.034
-40.100	-5.600	0.036
-40.000	-5.600	0.037
-39.900	-5.600	0.038
-39.800	-5.600	0.040
-39.700	-5.600	0.041
-39.600	-5.600	0.044
-39.500	-5.600	0.046
-39.400	-5.600	0.048
-39.300	-5.600	0.050
-39.200	-5.600	0.052
-39.100	-5.600	0.055
-39.000	-5.600	0.060
-38.900	-5.600	0.064
-38.800	-5.600	0.068
-38.700	-5.600	0.076
-38.600	-5.600	0.082
-38.500	-5.600	0.089
-38.400	-5.600	0.101
-38.300	-5.600	0.110
-38.200	-5.600	0.127
-38.100	-5.600	0.137
-38.000	-5.600	0.150
-37.900	-5.600	0.155
-37.800	-5.600	0.177
-37.700	-5.600	0.165
-37.600	-5.600	0.183
-37.500	-5.600	0.165
-37.400	-5.600	0.175
-37.300	-5.600	0.153
-37.200	-5.600	0.148
-37.100	-5.600	0.136
-37.000	-5.600	0.129
-36.900	-5.600	0.115
-36.800	-5.600	0.113
-36.700	-5.600	0.113
-36.600	-5.600	0.125
-36.500	-5.600	0.133
-36.400	-5.600	0.157
-36.300	-5.600	0.159
-36.200	-5.600	0.194
-36.100	-5.600	0.198
-36.000	-5.600	0.238
-35.900	-5.600	0.216
-35.800	-5.600	0.250
-35.700	-5.600	0.216
-35.600	-5.600	0.237
-35.500	-5.600	0.197
-35.400	-5.600	0.192
-35.300	-5.600	0.154
-40.900	-5.700	0.024
-40.800	-5.700	0.025
-40.700	-5.700	0.026
-40.600	-5.700	0.027
-40.500	-5.700	0.028
-40.400	-5.700	0.029
-40.300	-5.700	0.032
-40.200	-5.700	0.033
-40.100	-5.700	0.034
-40.000	-5.700	0.035
-39.900	-5.700	0.037
-39.800	-5.700	0.038
-39.700	-5.700	0.040
-39.600	-5.700	0.041
-39.500	-5.700	0.045
-39.400	-5.700	0.047
-39.300	-5.700	0.049
-39.200	-5.700	0.051
-39.100	-5.700	0.054
-39.000	-5.700	0.059
-38.900	-5.700	0.063
-38.800	-5.700	0.068
-38.700	-5.700	0.077
-38.600	-5.700	0.084
-38.500	-5.700	0.092
-38.400	-5.700	0.107
-38.300	-5.700	0.118
-38.200	-5.700	0.139
-38.100	-5.700	0.151
-38.000	-5.700	0.166
-37.900	-5.700	0.173
-37.800	-5.700	0.197
-37.700	-5.700	0.196
-37.600	-5.700	0.205
-37.500	-5.700	0.196
-37.400	-5.700	0.197
-37.300	-5.700	0.172
-37.200	-5.700	0.166
-37.100	-5.700	0.152
-37.000	-5.700	0.143
-36.900	-5.700	0.132
-36.800	-5.700	0.120
-36.700	-5.700	0.118
-36.600	-5.700	0.127
-36.500	-5.700	0.133
-36.400	-5.700	0.145
-36.300	-5.700	0.155
-36.200	-5.700	0.182
-36.100	-5.700	0.189
-36.000	-5.700	0.206
-35.900	-5.700	0.205
-35.800	-5.700	0.215
-35.700	-5.700	0.205
-35.600	-5.700	0.205
-35.500	-5.700	0.187
-35.400	-5.700	0.178
-35.300	-5.700	0.149
-35.200	-5.700	0.134
-40.900	-5.800	0.023
-40.800	-5.800	0.024
-40.700	-5.800	0.025
-40.600	-5.800	0.026
-40.500	-5.800	0.027
-40.400	-5.800	0.028
-40.300	-5.800	0.029
-40.200	-5.800	0.031
-40.100	-5.800	0.033
-40.000	-5.800	0.034
-39.900	-5.800	0.035
-39.800	-5.800	0.037
-39.700	-5.800	0.038
-39.600	-5.800	0.040
-39.500	-5.800	0.042
-39.400	-5.800	0.045
-39.300	-5.800	0.048
-39.200	-5.800	0.050
-39.100	-5.800	0.053
-39.000	-5.800	0.059
-38.900	-5.800	0.063
-38.800	-5.800	0.068
-38.700	-5.800	0.079
-38.600	-5.800	0.087
-38.500	-5.800	0.103
-38.400	-5.800	0.122
-38.300	-5.800	0.138
-38.200	-5.800	0.168
-38.100	-5.800	0.181
-38.000	-5.800	0.210
-37.900	-5.800	0.213
-37.800	-5.800	0.255
-37.700	-5.800	0.231
-37.600	-5.800	0.268
-37.500	-5.800	0.231
-37.400	-5.800	0.255
-37.300	-5.800	0.214
-37.200	-5.800	0.210
-37.100	-5.800	0.184
-37.000	-5.800	0.173
-36.900	-5.800	0.147
-36.800	-5.800	0.138
-36.700	-5.800	0.131
-36.600	-5.800	0.132
-36.500	-5.800	0.136
-36.400	-5.800	0.147
-36.300	-5.800	0.156
-36.200	-5.800	0.187
-36.100	-5.800	0.190
-36.000	-5.800	0.226
-35.900	-5.800	0.207
-35.800	-5.800	0.238
-35.700	-5.800	0.206
-35.600	-5.800	0.225
-35.500	-5.800	0.188
-35.400	-5.800	0.182
-35.300	-5.800	0.148
-35.200	-5.800	0.134
-40.800	-5.900	0.023
-40.700	-5.900	0.024
-40.600	-5.900	0.025
-40.500	-5.900	0.026
-40.400	-5.900	0.027
-40.300	-5.900	0.028
-40.200	-5.900	0.029
-40.100	-5.900	0.031
-40.000	-5.900	0.033
-39.900	-5.900	0.034
-39.800	-5.900	0.035
-39.700	-5.900	0.037
-39.600	-5.900	0.039
-39.500	-5.900	0.041
-39.400	-5.900	0.044
-39.300	-5.900	0.047
-39.200	-5.900	0.050
-39.100	-5.900	0.053
-39.000	-5.900	0.059
-38.900	-5.900	0.064
-38.800	-5.900	0.070
-38.700	-5.900	0.081
-38.600	-5.900	0.095
-38.500	-5.900	0.109
-38.400	-5.900	0.132
-38.300	-5.900	0.149
-38.200	-5.900	0.180
-38.100	-5.900	0.197
-38.000	-5.900	0.222
-37.900	-5.900	0.230
-37.800	-5.900	0.265
-37.700	-5.900	0.248
-37.600	-5.900	0.276
-37.500	-5.900	0.248
-37.400	-5.900	0.265
-37.300	-5.900	0.231
-37.200	-5.900	0.223
-37.100	-5.900	0.199
-37.000	-5.900	0.185
-36.900	-5.900	0.157
-36.800	-5.900	0.145
-36.700	-5.900	0.135
-36.600	-5.900	0.132
-36.500	-5.900	0.133
-36.400	-5.900	0.140
-36.300	-5.900	0.147
-36.200	-5.900	0.159
-36.100	-5.900	0.165
-36.000	-5.900	0.189
-35.900	-5.900	0.188
-35.800	-5.900	0.197
-35.700	-5.900	0.188
-35.600	-5.900	0.187
-35.500	-5.900	0.162
-35.400	-5.900	0.154
-35.300	-5.900	0.137
-35.200	-5.900	0.123
-40.800	-6.000	0.021
-40.700	-6.000	0.023
-40.600	-6.000	0.024
-40.500	-6.000	0.025
-40.400	-6.000	0.026
-40.300	-6.000	0.027
-40.200	-6.000	0.028
-40.100	-6.000	0.029
-40.000	-6.000	0.030
-39.900	-6.000	0.033
-39.800	-6.000	0.034
-39.700	-6.000	0.036
-39.600	-6.000	0.038
-39.500	-6.000	0.040
-39.400	-6.000	0.042
-39.300	-6.000	0.046
-39.200	-6.000	0.049
-39.100	-6.000	0.053
-39.000	-6.000	0.059
-38.900	-6.000	0.065
-38.800	-6.000	0.074
-38.700	-6.000	0.084
-38.600	-6.000	0.101
-38.500	-6.000	0.116
-38.400	-6.000	0.145
-38.300	-6.000	0.165
-38.200	-6.000	0.209
-38.100	-6.000	0.223
-38.000	-6.000	0.281
-37.900	-6.000	0.277
-37.800	-6.000	0.323
-37.700	-6.000	0.301
-37.600	-6.000	0.338
-37.500	-6.000	0.301
-37.400	-6.000	0.323
-37.300	-6.000	0.277
-37.200	-6.000	0.282
-37.100	-6.000	0.225
-37.000	-6.000	0.213
-36.900	-6.000	0.181
-36.800	-6.000	0.167
-36.700	-6.000	0.142
-36.600	-6.000	0.136
-36.500	-6.000	0.133
-36.400	-6.000	0.138
-36.300	-6.000	0.142
-36.200	-6.000	0.164
-36.100	-6.000	0.158
-36.000	-6.000	0.185
-35.900	-6.000	0.180
-35.800	-6.000	0.192
-35.700	-6.000	0.179
-35.600	-6.000	0.182
-35.500	-6.000	0.154
-35.400	-6.000	0.156
-35.300	-6.000	0.129
-35.200	-6.000	0.116
-40.800	-6.100	0.020
-40.700	-6.100	0.021
-40.600	-6.100	0.023
-40.500	-6.100	0.024
-40.400	-6.100	0.025
-40.300	-6.100	0.026
-40.200	-6.100	0.027
-40.100	-6.100	0.028
-40.000	-6.100	0.029
-39.900	-6.100	0.032
-39.800	-6.100	0.033
-39.700	-6.100	0.035
-39.600	-6.100	0.037
-39.500	-6.100	0.039
-39.400	-6.100	0.041
-39.300	-6.100	0.046
-39.200	-6.100	0.049
-39.100	-6.100	0.052
-39.000	-6.100	0.059
-38.900	-6.100	0.065
-38.800	-6.100	0.076
-38.700	-6.100	0.086
-38.600	-6.100	0.105
-38.500	-6.100	0.122
-38.400	-6.100	0.151
-38.300	-6.100	0.172
-38.200	-6.100	0.212
-38.100	-6.100	0.230
-38.000	-6.100	0.276
-37.900	-6.100	0.283
-37.800	-6.100	0.313
-37.700	-6.100	0.307
-37.600	-6.100	0.327
-37.500	-6.100	0.307
-37.400	-6.100	0.314
-37.300	-6.100	0.283
-37.200	-6.100	0.277
-37.100	-6.100	0.232
-37.000	-6.100	0.215
-36.900	-6.100	0.187
-36.800	-6.100	0.161
-36.700	-6.100	0.144
-36.600	-6.100	0.134
-36.500	-6.100	0.122
-36.400	-6.100	0.129
-36.300	-6.100	0.131
-36.200	-6.100	0.138
-36.100	-6.100	0.142
-36.000	-6.100	0.151
-35.900	-6.100	0.151
-35.800	-6.100	0.155
-35.700	-6.100	0.150
-35.600	-6.100	0.148
-35.500	-6.100	0.137
-35.400	-6.100	0.129
-35.300	-6.100	0.109
-35.200	-6.100	0.099
-35.100	-6.100	0.087
-40.800	-6.200	0.020
-40.700	-6.200	0.021
-40.600	-6.200	0.021
-40.500	-6.200	0.023
-40.400	-6.200	0.024
-40.300	-6.200	0.025
-40.200	-6.200	0.026
-40.100	-6.200	0.027
-40.000	-6.200	0.029
-39.900	-6.200	0.030
-39.800	-6.200	0.033
-39.700	-6.200	0.034
-39.600	-6.200	0.036
-39.500	-6.200	0.038
-39.400	-6.200	0.041
-39.300	-6.200	0.045
-39.200	-6.200	0.049
-39.100	-6.200	0.052
-39.000	-6.200	0.059
-38.900	-6.200	0.066
-38.800	-6.200	0.077
-38.700	-6.200	0.089
-38.600	-6.200	0.109
-38.500	-6.200	0.136
-38.400	-6.200	0.174
-38.300	-6.200	0.197
-38.200	-6.200	0.255
-38.100	-6.200	0.266
-38.000	-6.200	0.323
-37.900	-6.200	0.315
-37.800	-6.200	0.394
-37.700	-6.200	0.341
-37.600	-6.200	0.413
-37.500	-6.200	0.341
-37.400	-6.200	0.394
-37.300	-6.200	0.315
-37.200	-6.200	0.324
-37.100	-6.200	0.267
-37.000	-6.200	0.258
-36.900	-6.200	0.202
-36.800	-6.200	0.183
-36.700	-6.200	0.149
-36.600	-6.200	0.136
-36.500	-6.200	0.120
-36.400	-6.200	0.124
-36.300	-6.200	0.117
-36.200	-6.200	0.128
-36.100	-6.200	0.131
-36.000	-6.200	0.138
-35.900	-6.200	0.137
-35.800	-6.200	0.142
-35.700	-6.200	0.136
-35.600	-6.200	0.134
-35.500	-6.200	0.124
-35.400	-6.200	0.116
-35.300	-6.200	0.099
-35.200	-6.200	0.089
-35.100	-6.200	0.075
-40.700	-6.300	0.020
-40.600	-6.300	0.021
-40.500	-6.300	0.022
-40.400	-6.300	0.023
-40.300	-6.300	0.024
-40.200	-6.300	0.025
-40.100	-6.300	0.027
-40.000	-6.300	0.028
-39.900	-6.300	0.029
-39.800	-6.300	0.032
-39.700	-6.300	0.034
-39.600	-6.300	0.036
-39.500	-6.300	0.038
-39.400	-6.300	0.040
-39.300	-6.300	0.045
-39.200	-6.300	0.048
-39.100	-6.300	0.052
-39.000	-6.300	0.059
-38.900	-6.300	0.066
-38.800	-6.300	0.078
-38.700	-6.300	0.094
-38.600	-6.300	0.111
-38.500	-6.300	0.137
-38.400	-6.300	0.163
-38.300	-6.300	0.196
-38.200	-6.300	0.231
-38.100	-6.300	0.249
-38.000	-6.300	0.300
-37.900	-6.300	0.307
-37.800	-6.300	0.340
-37.700	-6.300	0.332
-37.600	-6.300	0.354
-37.500	-6.300	0.332
-37.400	-6.300	0.340
-37.300	-6.300	0.307
-37.200	-6.300	0.301
-37.100	-6.300	0.250
-37.000	-6.300	0.232
-36.900	-6.300	0.200
-36.800	-6.300	0.169
-36.700	-6.300	0.147
-36.600	-6.300	0.132
-36.500	-6.300	0.115
-36.400	-6.300	0.110
-36.300	-6.300	0.108
-36.200	-6.300	0.109
-36.100	-6.300	0.110
-36.000	-6.300	0.113
-35.900	-6.300	0.113
-35.800	-6.300	0.121
-35.700	-6.300	0.111
-35.600	-6.300	0.108
-35.500	-6.300	0.102
-35.400	-6.300	0.096
-35.300	-6.300	0.087
-35.200	-6.300	0.075
-35.100	-6.300	0.068
-40.800	-6.400	0.019
-40.700	-6.400	0.019
-40.600	-6.400	0.020
-40.500	-6.400	0.021
-40.400	-6.400	0.022
-40.300	-6.400	0.024
-40.200	-6.400	0.025
-40.100	-6.400	0.026
-40.000	-6.400	0.027
-39.900	-6.400	0.029
-39.800	-6.400	0.030
-39.700	-6.400	0.033
-39.600	-6.400	0.035
-39.500	-6.400	0.037
-39.400	-6.400	0.040
-39.300	-6.400	0.044
-39.200	-6.400	0.048
-39.100	-6.400	0.052
-39.000	-6.400	0.059
-38.900	-6.400	0.066
-38.800	-6.400	0.078
-38.700	-6.400	0.095
-38.600	-6.400	0.112
-38.500	-6.400	0.141
-38.400	-6.400	0.182
-38.300	-6.400	0.205
-38.200	-6.400	0.268
-38.100	-6.400	0.278
-38.000	-6.400	0.338
-37.900	-6.400	0.328
-37.800	-6.400	0.413
-37.700	-6.400	0.355
-37.600	-6.400	0.432
-37.500	-6.400	0.355
-37.400	-6.400	0.413
-37.300	-6.400	0.328
-37.200	-6.400	0.339
-37.100	-6.400	0.278
-37.000	-6.400	0.270
-36.900	-6.400	0.208
-36.800	-6.400	0.187
-36.700	-6.400	0.149
-36.600	-6.400	0.132
-36.500	-6.400	0.112
-36.400	-6.400	0.105
-36.300	-6.400	0.101
-36.200	-6.400	0.099
-36.100	-6.400	0.099
-36.000	-6.400	0.100
-35.900	-6.400	0.100
-35.800	-6.400	0.100
-35.700	-6.400	0.097
-35.600	-6.400	0.094
-35.500	-6.400	0.089
-35.400	-6.400	0.083
-35.300	-6.400	0.073
-35.200	-6.400	0.067
-35.100	-6.400	0.058
-35.000	-6.400	0.053
-40.700	-6.500	0.019
-40.600	-6.500	0.020
-40.500	-6.500	0.020
-40.400	-6.500	0.021
-40.300	-6.500	0.023
-40.200	-6.500	0.024
-40.100	-6.500	0.025
-40.000	-6.500	0.027
-39.900	-6.500	0.028
-39.800	-6.500	0.029
-39.700	-6.500	0.032
-39.600	-6.500	0.034
-39.500	-6.500	0.037
-39.400	-6.500	0.039
-39.300	-6.500	0.044
-39.200	-6.500	0.047
-39.100	-6.500	0.051
-39.000	-6.500	0.058
-38.900	-6.500	0.065
-38.800	-6.500	0.077
-38.700	-6.500	0.089
-38.600	-6.500	0.110
-38.500	-6.500	0.137
-38.400	-6.500	0.163
-38.300	-6.500	0.196
-38.200	-6.500	0.230
-38.100	-6.500	0.249
-38.000	-6.500	0.300
-37.900	-6.500	0.307
-37.800	-6.500	0.340
-37.700	-6.500	0.332
-37.600	-6.500	0.354
-37.500	-6.500	0.332
-37.400	-6.500	0.340
-37.300	-6.500	0.307
-37.200	-6.500	0.300
-37.100	-6.500	0.249
-37.000	-6.500	0.231
-36.900	-6.500	0.198
-36.800	-6.500	0.166
-36.700	-6.500	0.143
-36.600	-6.500	0.119
-36.500	-6.500	0.107
-36.400	-6.500	0.098
-36.300	-6.500	0.089
-36.200	-6.500	0.086
-36.100	-6.500	0.085
-36.000	-6.500	0.084
-35.900	-6.500	0.083
-35.800	-6.500	0.082
-35.700	-6.500	0.080
-35.600	-6.500	0.078
-35.500	-6.500	0.074
-35.400	-6.500	0.070
-35.300	-6.500	0.065
-35.200	-6.500	0.057
-35.100	-6.500	0.053
-35.000	-6.500	0.047
-40.700	-6.600	0.018
-40.600	-6.600	0.019
-40.500	-6.600	0.020
-40.400	-6.600	0.021
-40.300	-6.600	0.022
-40.200	-6.600	0.023
-40.100	-6.600	0.025
-40.000	-6.600	0.026
-39.900	-6.600	0.027
-39.800	-6.600	0.029
-39.700	-6.600	0.032
-39.600	-6.600	0.034
-39.500	-6.600	0.036
-39.400	-6.600	0.038
-39.300	-6.600	0.043
-39.200	-6.600	0.046
-39.100	-6.600	0.050
-39.000	-6.600	0.058
-38.900	-6.600	0.064
-38.800	-6.600	0.076
-38.700	-6.600	0.088
-38.600	-6.600	0.109
-38.500	-6.600	0.135
-38.400	-6.600	0.174
-38.300	-6.600	0.197
-38.200	-6.600	0.255
-38.100	-6.600	0.266
-38.000	-6.600	0.323
-37.900	-6.600	0.315
-37.800	-6.600	0.394
-37.700	-6.600	0.341
-37.600	-6.600	0.412
-37.500	-6.600	0.341
-37.400	-6.600	0.394
-37.300	-6.600	0.315
-37.200	-6.600	0.323
-37.100	-6.600	0.266
-37.000	-6.600	0.256
-36.900	-6.600	0.198
-36.800	-6.600	0.177
-36.700	-6.600	0.140
-36.600	-6.600	0.122
-36.500	-6.600	0.102
-36.400	-6.600	0.088
-36.300	-6.600	0.083
-36.200	-6.600	0.079
-36.100	-6.600	0.077
-36.000	-6.600	0.075
-35.900	-6.600	0.074
-35.800	-6.600	0.073
-35.700	-6.600	0.071
-35.600	-6.600	0.068
-35.500	-6.600	0.062
-35.400	-6.600	0.059
-35.300	-6.600	0.056
-35.200	-6.600	0.052
-35.100	-6.600	0.046
-35.000	-6.600	0.044
-40.600	-6.700	0.019
-40.500	-6.700	0.019
-40.400	-6.700	0.020
-40.300	-6.700	0.021
-40.200	-6.700	0.023
-40.100	-6.700	0.024
-40.000	-6.700	0.025
-39.900	-6.700	0.027
-39.800	-6.700	0.028
-39.700	-6.700	0.030
-39.600	-6.700	0.033
-39.500	-6.700	0.035
-39.400	-6.700	0.038
-39.300	-6.700	0.040
-39.200	-6.700	0.045
-39.100	-6.700	0.049
-39.000	-6.700	0.056
-38.900	-6.700	0.063
-38.800	-6.700	0.074
-38.700	-6.700	0.084
-38.600	-6.700	0.103
-38.500	-6.700	0.120
-38.400	-6.700	0.151
-38.300	-6.700	0.171
-38.200	-6.700	0.212
-38.100	-6.700	0.230
-38.000	-6.700	0.276
-37.900	-6.700	0.283
-37.800	-6.700	0.313
-37.700	-6.700	0.307
-37.600	-6.700	0.326
-37.500	-6.700	0.307
-37.400	-6.700	0.313
-37.300	-6.700	0.283
-37.200	-6.700	0.276
-37.100	-6.700	0.230
-37.000	-6.700	0.213
-36.900	-6.700	0.173
-36.800	-6.700	0.153
-36.700	-6.700	0.130
-36.600	-6.700	0.109
-36.500	-6.700	0.092
-36.400	-6.700	0.084
-36.300	-6.700	0.078
-36.200	-6.700	0.074
-36.100	-6.700	0.068
-36.000	-6.700	0.066
-35.900	-6.700	0.064
-35.800	-6.700	0.062
-35.700	-6.700	0.060
-35.600	-6.700	0.058
-35.500	-6.700	0.056
-35.400	-6.700	0.053
-35.300	-6.700	0.048
-35.200	-6.700	0.046
-35.100	-6.700	0.043
-35.000	-6.700	0.041
-40.400	-6.800	0.020
-40.300	-6.800	0.021
-40.200	-6.800	0.022
-40.100	-6.800	0.024
-40.000	-6.800	0.025
-39.900	-6.800	0.026
-39.800	-6.800	0.028
-39.700	-6.800	0.029
-39.600	-6.800	0.032
-39.500	-6.800	0.035
-39.400	-6.800	0.037
-39.300	-6.800	0.040
-39.200	-6.800	0.044
-39.100	-6.800	0.048
-39.000	-6.800	0.052
-38.900	-6.800	0.061
-38.800	-6.800	0.067
-38.700	-6.800	0.081
-38.600	-6.800	0.098
-38.500	-6.800	0.114
-38.400	-6.800	0.144
-38.300	-6.800	0.164
-38.200	-6.800	0.208
-38.100	-6.800	0.222
-38.000	-6.800	0.281
-37.900	-6.800	0.276
-37.800	-6.800	0.323
-37.700	-6.800	0.301
-37.600	-6.800	0.337
-37.500	-6.800	0.301
-37.400	-6.800	0.323
-37.300	-6.800	0.276
-37.200	-6.800	0.281
-37.100	-6.800	0.222
-37.000	-6.800	0.209
-36.900	-6.800	0.165
-36.800	-6.800	0.146
-36.700	-6.800	0.117
-36.600	-6.800	0.103
-36.500	-6.800	0.087
-36.400	-6.800	0.079
-36.300	-6.800	0.070
-36.200	-6.800	0.066
-36.100	-6.800	0.063
-36.000	-6.800	0.061
-35.900	-6.800	0.059
-35.800	-6.800	0.057
-35.700	-6.800	0.055
-35.600	-6.800	0.053
-35.500	-6.800	0.049
-35.400	-6.800	0.047
-35.300	-6.800	0.044
-35.200	-6.800	0.042
-35.100	-6.800	0.040
-35.000	-6.800	0.036
-40.400	-6.900	0.019
-40.300	-6.900	0.020
-40.200	-6.900	0.021
-40.100	-6.900	0.023
-40.000	-6.900	0.024
-39.900	-6.900	0.026
-39.800	-6.900	0.027
-39.700	-6.900	0.029
-39.600	-6.900	0.032
-39.500	-6.900	0.034
-39.400	-6.900	0.036
-39.300	-6.900	0.039
-39.200	-6.900	0.043
-39.100	-6.900	0.047
-39.000	-6.900	0.051
-38.900	-6.900	0.058
-38.800	-6.900	0.065
-38.700	-6.900	0.076
-38.600	-6.900	0.087
-38.500	-6.900	0.105
-38.400	-6.900	0.129
-38.300	-6.900	0.147
-38.200	-6.900	0.179
-38.100	-6.900	0.195
-38.000	-6.900	0.221
-37.900	-6.900	0.229
-37.800	-6.900	0.264
-37.700	-6.900	0.248
-37.600	-6.900	0.276
-37.500	-6.900	0.248
-37.400	-6.900	0.264
-37.300	-6.900	0.229
-37.200	-6.900	0.221
-37.100	-6.900	0.196
-37.000	-6.900	0.179
-36.900	-6.900	0.148
-36.800	-6.900	0.130
-36.700	-6.900	0.108
-36.600	-6.900	0.095
-36.500	-6.900	0.081
-36.400	-6.900	0.070
-36.300	-6.900	0.066
-36.200	-6.900	0.062
-36.100	-6.900	0.059
-36.000	-6.900	0.056
-35.900	-6.900	0.052
-35.800	-6.900	0.050
-35.700	-6.900	0.049
-35.600	-6.900	0.047
-35.500	-6.900	0.045
-35.400	-6.900	0.043
-35.300	-6.900	0.041
-35.200	-6.900	0.038
-35.100	-6.900	0.036
-35.000	-6.900	0.034
-34.900	-6.900	0.033
-40.400	-7.000	0.019
-40.300	-7.000	0.020
-40.200	-7.000	0.021
-40.100	-7.000	0.022
-40.000	-7.000	0.024
-39.900	-7.000	0.025
-39.800	-7.000	0.026
-39.700	-7.000	0.028
-39.600	-7.000	0.030
-39.500	-7.000	0.033
-39.400	-7.000	0.035
-39.300	-7.000	0.038
-39.200	-7.000	0.040
-39.100	-7.000	0.045
-39.000	-7.000	0.049
-38.900	-7.000	0.056
-38.800	-7.000	0.061
-38.700	-7.000	0.072
-38.600	-7.000	0.081
-38.500	-7.000	0.097
-38.400	-7.000	0.112
-38.300	-7.000	0.134
-38.200	-7.000	0.165
-38.100	-7.000	0.179
-38.000	-7.000	0.208
-37.900	-7.000	0.212
-37.800	-7.000	0.254
-37.700	-7.000	0.230
-37.600	-7.000	0.267
-37.500	-7.000	0.230
-37.400	-7.000	0.254
-37.300	-7.000	0.212
-37.200	-7.000	0.208
-37.100	-7.000	0.179
-37.000	-7.000	0.165
-36.900	-7.000	0.135
-36.800	-7.000	0.113
-36.700	-7.000	0.099
-36.600	-7.000	0.084
-36.500	-7.000	0.076
-36.400	-7.000	0.066
-36.300	-7.000	0.062
-36.200	-7.000	0.058
-36.100	-7.000	0.053
-36.000	-7.000	0.051
-35.900	-7.000	0.049
-35.800	-7.000	0.047
-35.700	-7.000	0.045
-35.600	-7.000	0.044
-35.500	-7.000	0.042
-35.400	-7.000	0.039
-35.300	-7.000	0.037
-35.200	-7.000	0.036
-35.100	-7.000	0.034
-35.000	-7.000	0.032
-34.900	-7.000	0.031
-40.400	-7.100	0.018
-40.300	-7.100	0.019
-40.200	-7.100	0.020
-40.100	-7.100	0.021
-40.000	-7.100	0.023
-39.900	-7.100	0.024
-39.800	-7.100	0.026
-39.700	-7.100	0.027
-39.600	-7.100	0.029
-39.500	-7.100	0.032
-39.400	-7.100	0.034
-39.300	-7.100	0.037
-39.200	-7.100	0.039
-39.100	-7.100	0.044
-39.000	-7.100	0.047
-38.900	-7.100	0.051
-38.800	-7.100	0.058
-38.700	-7.100	0.064
-38.600	-7.100	0.075
-38.500	-7.100	0.084
-38.400	-7.100	0.100
-38.300	-7.100	0.112
-38.200	-7.100	0.134
-38.100	-7.100	0.146
-38.000	-7.100	0.163
-37.900	-7.100	0.170
-37.800	-7.100	0.195
-37.700	-7.100	0.195
-37.600	-7.100	0.203
-37.500	-7.100	0.195
-37.400	-7.100	0.195
-37.300	-7.100	0.170
-37.200	-7.100	0.163
-37.100	-7.100	0.147
-37.000	-7.100	0.134
-36.900	-7.100	0.113
-36.800	-7.100	0.101
-36.700	-7.100	0.086
-36.600	-7.100	0.077
-36.500	-7.100	0.067
-36.400	-7.100	0.062
-36.300	-7.100	0.058
-36.200	-7.100	0.053
-36.100	-7.100	0.050
-36.000	-7.100	0.048
-35.900	-7.100	0.046
-35.800	-7.100	0.044
-35.700	-7.100	0.043
-35.600	-7.100	0.039
-35.500	-7.100	0.038
-35.400	-7.100	0.036
-35.300	-7.100	0.035
-35.200	-7.100	0.034
-35.100	-7.100	0.032
-35.000	-7.100	0.031
-34.900	-7.100	0.028
-40.500	-7.200	0.017
-40.400	-7.200	0.018
-40.300	-7.200	0.019
-40.200	-7.200	0.020
-40.100	-7.200	0.021
-40.000	-7.200	0.022
-39.900	-7.200	0.024
-39.800	-7.200	0.025
-39.700	-7.200	0.027
-39.600	-7.200	0.028
-39.500	-7.200	0.031
-39.400	-7.200	0.033
-39.300	-7.200	0.035
-39.200	-7.200	0.038
-39.100	-7.200	0.042
-39.000	-7.200	0.045
-38.900	-7.200	0.049
-38.800	-7.200	0.052
-38.700	-7.200	0.060
-38.600	-7.200	0.066
-38.500	-7.200	0.076
-38.400	-7.200	0.085
-38.300	-7.200	0.100
-38.200	-7.200	0.111
-38.100	-7.200	0.128
-38.000	-7.200	0.143
-37.900	-7.200	0.150
-37.800	-7.200	0.172
-37.700	-7.200	0.162
-37.600	-7.200	0.180
-37.500	-7.200	0.162
-37.400	-7.200	0.172
-37.300	-7.200	0.150
-37.200	-7.200	0.143
-37.100	-7.200	0.129
-37.000	-7.200	0.112
-36.900	-7.200	0.101
-36.800	-7.200	0.086
-36.700	-7.200	0.078
-36.600	-7.200	0.068
-36.500	-7.200	0.063
-36.400	-7.200	0.058
-36.300	-7.200	0.053
-36.200	-7.200	0.050
-36.100	-7.200	0.048
-36.000	-7.200	0.045
-35.900	-7.200	0.043
-35.800	-7.200	0.040
-35.700	-7.200	0.039
-35.600	-7.200	0.037
-35.500	-7.200	0.036
-35.400	-7.200	0.034
-35.300	-7.200	0.033
-35.200	-7.200	0.032
-35.100	-7.200	0.030
-35.000	-7.200	0.028
-34.900	-7.200	0.027
-34.800	-7.200	0.026
-40.500	-7.300	0.017
-40.400	-7.300	0.018
-40.300	-7.300	0.018
-40.200	-7.300	0.019
-40.100	-7.300	0.020
-40.000	-7.300	0.021
-39.900	-7.300	0.023
-39.800	-7.300	0.024
-39.700	-7.300	0.026
-39.600	-7.300	0.027
-39.500	-7.300	0.029
-39.400	-7.300	0.032
-39.300	-7.300	0.034
-39.200	-7.300	0.036
-39.100	-7.300	0.039
-39.000	-7.300	0.043
-38.900	-7.300	0.046
-38.800	-7.300	0.050
-38.700	-7.300	0.056
-38.600	-7.300	0.061
-38.500	-7.300	0.066
-38.400	-7.300	0.076
-38.300	-7.300	0.084
-38.200	-7.300	0.096
-38.100	-7.300	0.105
-38.000	-7.300	0.113
-37.900	-7.300	0.119
-37.800	-7.300	0.134
-37.700	-7.300	0.135
-37.600	-7.300	0.139
-37.500	-7.300	0.135
-37.400	-7.300	0.134
-37.100	-7.300	0.105
-37.000	-7.300	0.097
-36.900	-7.300	0.084
-36.800	-7.300	0.077
-36.700	-7.300	0.068
-36.600	-7.300	0.063
-36.500	-7.300	0.059
-36.400	-7.300	0.053
-36.300	-7.300	0.050
-36.200	-7.300	0.047
-36.100	-7.300	0.045
-36.000	-7.300	0.043
-35.900	-7.300	0.040
-35.800	-7.300	0.038
-35.700	-7.300	0.037
-35.600	-7.300	0.035
-35.500	-7.300	0.034
-35.400	-7.300	0.033
-35.300	-7.300	0.031
-35.200	-7.300	0.029
-35.100	-7.300	0.028
-35.000	-7.300	0.027
-34.900	-7.300	0.025
-34.800	-7.300	0.024
-39.600	-7.400	0.026
-39.500	-7.400	0.028
-39.400	-7.400	0.031
-39.300	-7.400	0.033
-39.200	-7.400	0.035
-39.100	-7.400	0.037
-39.000	-7.400	0.039
-38.900	-7.400	0.044
-38.800	-7.400	0.047
-38.700	-7.400	0.050
-38.600	-7.400	0.056
-38.500	-7.400	0.061
-38.400	-7.400	0.065
-38.300	-7.400	0.074
-38.200	-7.400	0.080
-38.100	-7.400	0.086
-38.000	-7.400	0.097
-37.900	-7.400	0.102
-37.800	-7.400	0.107
-37.700	-7.400	0.109
-37.600	-7.400	0.111
-37.500	-7.400	0.109
-37.000	-7.400	0.081
-36.900	-7.400	0.075
-36.800	-7.400	0.067
-36.700	-7.400	0.062
-36.600	-7.400	0.058
-36.500	-7.400	0.052
-36.400	-7.400	0.050
-36.300	-7.400	0.047
-36.200	-7.400	0.045
-36.100	-7.400	0.041
-36.000	-7.400	0.039
-35.900	-7.400	0.038
-35.800	-7.400	0.036
-35.700	-7.400	0.035
-35.600	-7.400	0.033
-35.500	-7.400	0.032
-35.400	-7.400	0.031
-35.100	-7.400	0.026
-35.000	-7.400	0.025
-34.900	-7.400	0.024
-39.400	-7.500	0.028
-39.300	-7.500	0.031
-39.200	-7.500	0.033
-39.100	-7.500	0.035
-39.000	-7.500	0.038
-38.900	-7.500	0.040
-38.800	-7.500	0.044
-38.700	-7.500	0.047
-38.600	-7.500	0.050
-38.500	-7.500	0.056
-38.400	-7.500	0.060
-38.300	-7.500	0.064
-38.200	-7.500	0.071
-38.100	-7.500	0.076
-38.000	-7.500	0.080
-37.900	-7.500	0.083
-37.800	-7.500	0.086
-37.700	-7.500	0.088
-37.600	-7.500	0.093
-37.000	-7.500	0.072
-36.900	-7.500	0.064
-36.800	-7.500	0.061
-36.700	-7.500	0.057
-36.600	-7.500	0.052
-36.500	-7.500	0.049
-36.400	-7.500	0.047
-36.300	-7.500	0.044
-36.200	-7.500	0.041
-36.100	-7.500	0.039
-36.000	-7.500	0.037
-35.900	-7.500	0.036
-35.800	-7.500	0.034
-35.700	-7.500	0.033
-35.600	-7.500	0.032
-34.900	-7.500	0.023
-39.400	-7.600	0.027
-39.300	-7.600	0.029
-39.200	-7.600	0.032
-39.100	-7.600	0.034
-39.000	-7.600	0.036
-38.900	-7.600	0.038
-38.800	-7.600	0.040
-38.700	-7.600	0.044
-38.600	-7.600	0.047
-38.500	-7.600	0.049
-38.400	-7.600	0.052
-38.300	-7.600	0.058
-38.200	-7.600	0.061
-38.100	-7.600	0.064
-38.000	-7.600	0.066
-37.900	-7.600	0.072
-37.800	-7.600	0.074
-37.100	-7.600	0.064
-37.000	-7.600	0.061
-36.900	-7.600	0.058
-36.800	-7.600	0.053
-36.700	-7.600	0.051
-36.600	-7.600	0.048
-36.500	-7.600	0.046
-36.400	-7.600	0.044
-36.300	-7.600	0.040
-36.200	-7.600	0.038
-36.100	-7.600	0.037
-36.000	-7.600	0.035
-35.900	-7.600	0.034
-35.800	-7.600	0.032
-35.700	-7.600	0.031
-35.600	-7.600	0.029
-39.100	-7.700	0.032
-39.000	-7.700	0.034
-38.900	-7.700	0.036
-38.600	-7.700	0.044
-38.500	-7.700	0.046
-38.400	-7.700	0.048
-38.300	-7.700	0.050
-38.200	-7.700	0.055
-38.100	-7.700	0.057
-38.000	-7.700	0.060
-37.100	-7.700	0.058
-37.000	-7.700	0.056
-36.900	-7.700	0.051
-36.800	-7.700	0.049
-36.700	-7.700	0.047
-36.600	-7.700	0.045
-36.500	-7.700	0.043
-36.400	-7.700	0.039
-36.300	-7.700	0.038
-36.200	-7.700	0.036
-36.100	-7.700	0.035
-36.000	-7.700	0.033
-35.900	-7.700	0.032
-35.800	-7.700	0.030
-35.700	-7.700	0.028
-39.000	-7.800	0.032
-38.200	-7.800	0.048
-38.100	-7.800	0.050
-37.100	-7.800	0.050
-37.000	-7.800	0.049
-36.900	-7.800	0.047
-36.800	-7.800	0.045
-36.700	-7.800	0.044
-36.600	-7.800	0.040
-36.500	-7.800	0.039
-36.400	-7.800	0.037
-36.300	-7.800	0.036
-36.000	-7.800	0.032
-37.200	-7.900	0.047
-37.100	-7.900	0.046
-37.000	-7.900	0.045
-36.900	-7.900	0.044
-36.800	-7.900	0.042
-36.700	-7.900	0.039
-36.600	-7.900	0.038
-36.500	-7.900	0.036
-37.100	-8.000	0.042
-37.000	-8.000	0.040
-36.900	-8.000	0.039
-36.800	-8.000	0.038
-36.700	-8.000	0.037
-37.100	-8.100	0.038
-37.000	-8.100	0.037
-36.900	-8.100	0.036
-36.800	-8.100	0.035
-36.700	-8.100	0.034
-37.100	-8.200	0.035
-37.000	-8.200	0.034
-36.900	-8.200	0.034
