-40.500	-2.800	0.019
-41.200	-2.900	0.016
-41.100	-2.900	0.016
-41.000	-2.900	0.017
-40.900	-2.900	0.017
-40.800	-2.900	0.018
-40.700	-2.900	0.019
-40.600	-2.900	0.019
-40.500	-2.900	0.020
-40.400	-2.900	0.020
-40.300	-2.900	0.021
-40.200	-2.900	0.023
-40.100	-2.900	0.023
-40.000	-2.900	0.024
-39.900	-2.900	0.024
-41.200	-3.000	0.016
-41.100	-3.000	0.017
-41.000	-3.000	0.017
-40.900	-3.000	0.018
-40.800	-3.000	0.019
-40.700	-3.000	0.019
-40.600	-3.000	0.020
-40.500	-3.000	0.021
-40.400	-3.000	0.023
-40.300	-3.000	0.023
-40.200	-3.000	0.024
-40.100	-3.000	0.025
-40.000	-3.000	0.025
-39.900	-3.000	0.026
-39.800	-3.000	0.026
-39.700	-3.000	0.026
-41.200	-3.100	0.017
-41.100	-3.100	0.017
-41.000	-3.100	0.018
-40.900	-3.100	0.019
-40.800	-3.100	0.019
-40.700	-3.100	0.020
-40.600	-3.100	0.021
-40.500	-3.100	0.023
-40.400	-3.100	0.024
-40.300	-3.100	0.025
-40.200	-3.100	0.026
-40.100	-3.100	0.026
-40.000	-3.100	0.027
-39.900	-3.100	0.027
-39.800	-3.100	0.028
-39.700	-3.100	0.028
-39.600	-3.100	0.028
-41.300	-3.200	0.016
-41.200	-3.200	0.017
-41.100	-3.200	0.018
-41.000	-3.200	0.018
-40.900	-3.200	0.019
-40.800	-3.200	0.020
-40.700	-3.200	0.021
-40.600	-3.200	0.023
-40.500	-3.200	0.024
-40.400	-3.200	0.025
-40.300	-3.200	0.026
-40.200	-3.200	0.027
-40.100	-3.200	0.028
-40.000	-3.200	0.031
-39.900	-3.200	0.031
-39.800	-3.200	0.032
-39.700	-3.200	0.032
-39.600	-3.200	0.032
-39.500	-3.200	0.030
-39.400	-3.200	0.030
-41.300	-3.300	0.017
-41.200	-3.300	0.018
-41.100	-3.300	0.018
-41.000	-3.300	0.019
-40.900	-3.300	0.020
-40.800	-3.300	0.021
-40.700	-3.300	0.023
-40.600	-3.300	0.024
-40.500	-3.300	0.025
-40.400	-3.300	0.026
-40.300	-3.300	0.028
-40.200	-3.300	0.031
-40.100	-3.300	0.032
-40.000	-3.300	0.033
-39.900	-3.300	0.033
-39.800	-3.300	0.034
-39.700	-3.300	0.034
-39.600	-3.300	0.034
-39.500	-3.300	0.034
-39.400	-3.300	0.033
-39.300	-3.300	0.032
-39.200	-3.300	0.030
-41.300	-3.400	0.017
-41.200	-3.400	0.018
-41.100	-3.400	0.019
-41.000	-3.400	0.019
-40.900	-3.400	0.020
-40.800	-3.400	0.022
-40.700	-3.400	0.024
-40.600	-3.400	0.025
-40.500	-3.400	0.026
-40.400	-3.400	0.028
-40.300	-3.400	0.031
-40.200	-3.400	0.033
-40.100	-3.400	0.034
-40.000	-3.400	0.036
-39.900	-3.400	0.036
-39.800	-3.400	0.038
-39.700	-3.400	0.037
-39.600	-3.400	0.038
-39.500	-3.400	0.036
-39.400	-3.400	0.036
-39.300	-3.400	0.035
-39.200	-3.400	0.034
-39.100	-3.400	0.033
-41.300	-3.500	0.017
-41.200	-3.500	0.018
-41.100	-3.500	0.019
-41.000	-3.500	0.020
-40.900	-3.500	0.021
-40.800	-3.500	0.023
-40.700	-3.500	0.024
-40.600	-3.500	0.026
-40.500	-3.500	0.027
-40.400	-3.500	0.031
-40.300	-3.500	0.033
-40.200	-3.500	0.035
-40.100	-3.500	0.036
-40.000	-3.500	0.038
-39.900	-3.500	0.039
-39.800	-3.500	0.040
-39.700	-3.500	0.039
-39.600	-3.500	0.040
-39.500	-3.500	0.038
-39.400	-3.500	0.038
-39.300	-3.500	0.037
-39.200	-3.500	0.036
-39.100	-3.500	0.035
-39.000	-3.500	0.034
-41.300	-3.600	0.018
-41.200	-3.600	0.018
-41.100	-3.600	0.019
-41.000	-3.600	0.020
-40.900	-3.600	0.022
-40.800	-3.600	0.024
-40.700	-3.600	0.025
-40.600	-3.600	0.027
-40.500	-3.600	0.030
-40.400	-3.600	0.033
-40.300	-3.600	0.035
-40.200	-3.600	0.038
-40.100	-3.600	0.039
-40.000	-3.600	0.045
-39.900	-3.600	0.045
-39.800	-3.600	0.047
-39.700	-3.600	0.045
-39.600	-3.600	0.046
-39.500	-3.600	0.041
-39.400	-3.600	0.043
-39.300	-3.600	0.039
-39.200	-3.600	0.038
-39.100	-3.600	0.037
-39.000	-3.600	0.037
-38.900	-3.600	0.036
-38.800	-3.600	0.036
-41.200	-3.700	0.019
-41.100	-3.700	0.020
-41.000	-3.700	0.021
-40.900	-3.700	0.023
-40.800	-3.700	0.024
-40.700	-3.700	0.026
-40.600	-3.700	0.028
-40.500	-3.700	0.031
-40.400	-3.700	0.034
-40.300	-3.700	0.036
-40.200	-3.700	0.039
-40.100	-3.700	0.043
-40.000	-3.700	0.046
-39.900	-3.700	0.046
-39.800	-3.700	0.048
-39.700	-3.700	0.047
-39.600	-3.700	0.047
-39.500	-3.700	0.046
-39.400	-3.700	0.045
-39.300	-3.700	0.041
-39.200	-3.700	0.040
-39.100	-3.700	0.039
-39.000	-3.700	0.038
-38.900	-3.700	0.038
-38.800	-3.700	0.038
-38.700	-3.700	0.037
-38.600	-3.700	0.038
-41.200	-3.800	0.019
-41.100	-3.800	0.020
-41.000	-3.800	0.021
-40.900	-3.800	0.023
-40.800	-3.800	0.025
-40.700	-3.800	0.026
-40.600	-3.800	0.030
-40.500	-3.800	0.032
-40.400	-3.800	0.036
-40.300	-3.800	0.038
-40.200	-3.800	0.045
-40.100	-3.800	0.046
-40.000	-3.800	0.050
-39.900	-3.800	0.049
-39.800	-3.800	0.052
-39.700	-3.800	0.050
-39.600	-3.800	0.052
-39.500	-3.800	0.048
-39.400	-3.800	0.048
-39.300	-3.800	0.045
-39.200	-3.800	0.045
-39.100	-3.800	0.041
-39.000	-3.800	0.041
-38.900	-3.800	0.040
-38.800	-3.800	0.040
-38.700	-3.800	0.040
-38.600	-3.800	0.041
-38.500	-3.800	0.040
-41.200	-3.900	0.019
-41.100	-3.900	0.020
-41.000	-3.900	0.021
-40.900	-3.900	0.023
-40.800	-3.900	0.025
-40.700	-3.900	0.027
-40.600	-3.900	0.030
-40.500	-3.900	0.033
-40.400	-3.900	0.036
-40.300	-3.900	0.038
-40.200	-3.900	0.044
-40.100	-3.900	0.046
-40.000	-3.900	0.049
-39.900	-3.900	0.050
-39.800	-3.900	0.052
-39.700	-3.900	0.051
-39.600	-3.900	0.051
-39.500	-3.900	0.049
-39.400	-3.900	0.048
-39.300	-3.900	0.046
-39.200	-3.900	0.045
-39.100	-3.900	0.042
-39.000	-3.900	0.042
-38.900	-3.900	0.041
-38.800	-3.900	0.042
-38.700	-3.900	0.042
-38.600	-3.900	0.042
-38.500	-3.900	0.042
-38.400	-3.900	0.042
-41.200	-4.000	0.019
-41.100	-4.000	0.020
-41.000	-4.000	0.021
-40.900	-4.000	0.024
-40.800	-4.000	0.025
-40.700	-4.000	0.027
-40.600	-4.000	0.031
-40.500	-4.000	0.033
-40.400	-4.000	0.037
-40.300	-4.000	0.039
-40.200	-4.000	0.046
-40.100	-4.000	0.047
-40.000	-4.000	0.052
-39.900	-4.000	0.051
-39.800	-4.000	0.055
-39.700	-4.000	0.052
-39.600	-4.000	0.054
-39.500	-4.000	0.050
-39.400	-4.000	0.051
-39.300	-4.000	0.048
-39.200	-4.000	0.048
-39.100	-4.000	0.046
-39.000	-4.000	0.047
-38.900	-4.000	0.046
-38.800	-4.000	0.047
-38.700	-4.000	0.047
-38.600	-4.000	0.049
-38.500	-4.000	0.048
-38.400	-4.000	0.049
-38.300	-4.000	0.047
-41.100	-4.100	0.020
-41.000	-4.100	0.021
-40.900	-4.100	0.024
-40.800	-4.100	0.025
-40.700	-4.100	0.027
-40.600	-4.100	0.031
-40.500	-4.100	0.033
-40.400	-4.100	0.036
-40.300	-4.100	0.039
-40.200	-4.100	0.044
-40.100	-4.100	0.046
-40.000	-4.100	0.049
-39.900	-4.100	0.050
-39.800	-4.100	0.052
-39.700	-4.100	0.051
-39.600	-4.100	0.051
-39.500	-4.100	0.050
-39.400	-4.100	0.049
-39.300	-4.100	0.047
-39.200	-4.100	0.047
-39.100	-4.100	0.046
-39.000	-4.100	0.047
-38.900	-4.100	0.047
-38.800	-4.100	0.048
-38.700	-4.100	0.048
-38.600	-4.100	0.050
-38.500	-4.100	0.050
-38.400	-4.100	0.050
-38.300	-4.100	0.049
-38.200	-4.100	0.048
-41.100	-4.200	0.020
-41.000	-4.200	0.021
-40.900	-4.200	0.024
-40.800	-4.200	0.025
-40.700	-4.200	0.027
-40.600	-4.200	0.031
-40.500	-4.200	0.033
-40.400	-4.200	0.036
-40.300	-4.200	0.038
-40.200	-4.200	0.045
-40.100	-4.200	0.046
-40.000	-4.200	0.050
-39.900	-4.200	0.050
-39.800	-4.200	0.053
-39.700	-4.200	0.051
-39.600	-4.200	0.053
-39.500	-4.200	0.050
-39.400	-4.200	0.050
-39.300	-4.200	0.048
-39.200	-4.200	0.049
-39.100	-4.200	0.047
-39.000	-4.200	0.049
-38.900	-4.200	0.048
-38.800	-4.200	0.051
-38.700	-4.200	0.051
-38.600	-4.200	0.054
-38.500	-4.200	0.052
-38.400	-4.200	0.054
-38.300	-4.200	0.052
-38.200	-4.200	0.052
-38.100	-4.200	0.049
-41.100	-4.300	0.020
-41.000	-4.300	0.021
-40.900	-4.300	0.023
-40.800	-4.300	0.025
-40.700	-4.300	0.026
-40.600	-4.300	0.028
-40.500	-4.300	0.032
-40.400	-4.300	0.035
-40.300	-4.300	0.037
-40.200	-4.300	0.040
-40.100	-4.300	0.044
-40.000	-4.300	0.047
-39.900	-4.300	0.047
-39.800	-4.300	0.049
-39.700	-4.300	0.049
-39.600	-4.300	0.049
-39.500	-4.300	0.048
-39.400	-4.300	0.048
-39.300	-4.300	0.047
-39.200	-4.300	0.047
-39.100	-4.300	0.046
-39.000	-4.300	0.048
-38.900	-4.300	0.048
-38.800	-4.300	0.050
-38.700	-4.300	0.051
-38.600	-4.300	0.053
-38.500	-4.300	0.053
-38.400	-4.300	0.054
-38.300	-4.300	0.052
-38.200	-4.300	0.052
-38.100	-4.300	0.049
-38.000	-4.300	0.047
-41.100	-4.400	0.020
-41.000	-4.400	0.021
-40.900	-4.400	0.023
-40.800	-4.400	0.025
-40.700	-4.400	0.026
-40.600	-4.400	0.028
-40.500	-4.400	0.031
-40.400	-4.400	0.034
-40.300	-4.400	0.036
-40.200	-4.400	0.039
-40.100	-4.400	0.040
-40.000	-4.400	0.046
-39.900	-4.400	0.046
-39.800	-4.400	0.048
-39.700	-4.400	0.047
-39.600	-4.400	0.048
-39.500	-4.400	0.047
-39.400	-4.400	0.047
-39.300	-4.400	0.046
-39.200	-4.400	0.047
-39.100	-4.400	0.046
-39.000	-4.400	0.049
-38.900	-4.400	0.049
-38.800	-4.400	0.052
-38.700	-4.400	0.052
-38.600	-4.400	0.055
-38.500	-4.400	0.054
-38.400	-4.400	0.057
-38.300	-4.400	0.054
-38.200	-4.400	0.055
-38.100	-4.400	0.051
-38.000	-4.400	0.050
-37.900	-4.400	0.043
-37.800	-4.400	0.042
-41.100	-4.500	0.020
-41.000	-4.500	0.021
-40.900	-4.500	0.022
-40.800	-4.500	0.024
-40.700	-4.500	0.025
-40.600	-4.500	0.027
-40.500	-4.500	0.029
-40.400	-4.500	0.032
-40.300	-4.500	0.034
-40.200	-4.500	0.036
-40.100	-4.500	0.038
-40.000	-4.500	0.040
-39.900	-4.500	0.040
-39.800	-4.500	0.042
-39.700	-4.500	0.042
-39.600	-4.500	0.042
-39.500	-4.500	0.042
-39.400	-4.500	0.042
-39.300	-4.500	0.042
-39.200	-4.500	0.042
-39.100	-4.500	0.043
-39.000	-4.500	0.047
-38.900	-4.500	0.048
-38.800	-4.500	0.050
-38.700	-4.500	0.051
-38.600	-4.500	0.053
-38.500	-4.500	0.053
-38.400	-4.500	0.054
-38.300	-4.500	0.053
-38.200	-4.500	0.052
-38.100	-4.500	0.050
-38.000	-4.500	0.048
-37.900	-4.500	0.043
-37.800	-4.500	0.041
-41.200	-4.600	0.019
-41.100	-4.600	0.020
-41.000	-4.600	0.021
-40.900	-4.600	0.022
-40.800	-4.600	0.024
-40.700	-4.600	0.025
-40.600	-4.600	0.026
-40.500	-4.600	0.028
-40.400	-4.600	0.031
-40.300	-4.600	0.033
-40.200	-4.600	0.035
-40.100	-4.600	0.036
-40.000	-4.600	0.038
-39.900	-4.600	0.039
-39.800	-4.600	0.040
-39.700	-4.600	0.040
-39.600	-4.600	0.041
-39.500	-4.600	0.040
-39.400	-4.600	0.041
-39.300	-4.600	0.041
-39.200	-4.600	0.042
-39.100	-4.600	0.042
-39.000	-4.600	0.047
-38.900	-4.600	0.047
-38.800	-4.600	0.050
-38.700	-4.600	0.051
-38.600	-4.600	0.054
-38.500	-4.600	0.053
-38.400	-4.600	0.055
-38.300	-4.600	0.053
-38.200	-4.600	0.054
-38.100	-4.600	0.050
-38.000	-4.600	0.049
-37.900	-4.600	0.043
-37.800	-4.600	0.042
-37.700	-4.600	0.039
-41.200	-4.700	0.019
-41.100	-4.700	0.020
-41.000	-4.700	0.021
-40.900	-4.700	0.021
-40.800	-4.700	0.023
-40.700	-4.700	0.024
-40.600	-4.700	0.026
-40.500	-4.700	0.027
-40.400	-4.700	0.028
-40.300	-4.700	0.029
-40.200	-4.700	0.033
-40.100	-4.700	0.034
-40.000	-4.700	0.035
-39.900	-4.700	0.036
-39.800	-4.700	0.037
-39.700	-4.700	0.037
-39.600	-4.700	0.038
-39.500	-4.700	0.038
-39.400	-4.700	0.039
-39.300	-4.700	0.039
-39.200	-4.700	0.040
-39.100	-4.700	0.041
-39.000	-4.700	0.042
-38.900	-4.700	0.043
-38.800	-4.700	0.047
-38.700	-4.700	0.049
-38.600	-4.700	0.050
-38.500	-4.700	0.051
-38.400	-4.700	0.052
-38.300	-4.700	0.051
-38.200	-4.700	0.050
-38.100	-4.700	0.048
-38.000	-4.700	0.047
-37.900	-4.700	0.043
-37.800	-4.700	0.041
-37.700	-4.700	0.039
-37.600	-4.700	0.038
-37.500	-4.700	0.036
-37.400	-4.700	0.034
-41.200	-4.800	0.019
-41.100	-4.800	0.020
-41.000	-4.800	0.020
-40.900	-4.800	0.021
-40.800	-4.800	0.022
-40.700	-4.800	0.024
-40.600	-4.800	0.025
-40.500	-4.800	0.026
-40.400	-4.800	0.027
-40.300	-4.800	0.028
-40.200	-4.800	0.030
-40.100	-4.800	0.031
-40.000	-4.800	0.034
-39.900	-4.800	0.034
-39.800	-4.800	0.035
-39.700	-4.800	0.036
-39.600	-4.800	0.036
-39.500	-4.800	0.036
-39.400	-4.800	0.037
-39.300	-4.800	0.038
-39.200	-4.800	0.039
-39.100	-4.800	0.039
-39.000	-4.800	0.041
-38.900	-4.800	0.042
-38.800	-4.800	0.047
-38.700	-4.800	0.047
-38.600	-4.800	0.050
-38.500	-4.800	0.049
-38.400	-4.800	0.051
-38.300	-4.800	0.050
-38.200	-4.800	0.050
-38.100	-4.800	0.048
-38.000	-4.800	0.047
-37.900	-4.800	0.042
-37.800	-4.800	0.041
-37.700	-4.800	0.039
-37.600	-4.800	0.038
-37.500	-4.800	0.037
-37.400	-4.800	0.034
-37.300	-4.800	0.034
-41.200	-4.900	0.019
-41.100	-4.900	0.019
-41.000	-4.900	0.020
-40.900	-4.900	0.021
-40.800	-4.900	0.021
-40.700	-4.900	0.022
-40.600	-4.900	0.024
-40.500	-4.900	0.025
-40.400	-4.900	0.026
-40.300	-4.900	0.027
-40.200	-4.900	0.028
-40.100	-4.900	0.029
-40.000	-4.900	0.030
-39.900	-4.900	0.031
-39.800	-4.900	0.031
-39.700	-4.900	0.032
-39.600	-4.900	0.034
-39.500	-4.900	0.035
-39.400	-4.900	0.035
-39.300	-4.900	0.036
-39.200	-4.900	0.037
-39.100	-4.900	0.038
-39.000	-4.900	0.039
-38.900	-4.900	0.040
-38.800	-4.900	0.042
-38.700	-4.900	0.043
-38.600	-4.900	0.044
-38.500	-4.900	0.044
-38.400	-4.900	0.048
-38.300	-4.900	0.045
-38.200	-4.900	0.045
-38.100	-4.900	0.044
-38.000	-4.900	0.043
-37.900	-4.900	0.042
-37.800	-4.900	0.041
-37.700	-4.900	0.039
-37.600	-4.900	0.038
-37.500	-4.900	0.037
-37.400	-4.900	0.035
-37.300	-4.900	0.034
-41.100	-5.000	0.019
-41.000	-5.000	0.020
-40.900	-5.000	0.020
-40.800	-5.000	0.021
-40.700	-5.000	0.022
-40.600	-5.000	0.023
-40.500	-5.000	0.025
-40.400	-5.000	0.025
-40.300	-5.000	0.026
-40.200	-5.000	0.027
-40.100	-5.000	0.028
-40.000	-5.000	0.029
-39.900	-5.000	0.030
-39.800	-5.000	0.030
-39.700	-5.000	0.031
-39.600	-5.000	0.031
-39.500	-5.000	0.032
-39.400	-5.000	0.033
-39.300	-5.000	0.035
-39.200	-5.000	0.036
-39.100	-5.000	0.037
-39.000	-5.000	0.038
-38.900	-5.000	0.039
-38.800	-5.000	0.041
-38.700	-5.000	0.041
-38.600	-5.000	0.043
-38.500	-5.000	0.043
-38.400	-5.000	0.044
-38.300	-5.000	0.044
-38.200	-5.000	0.044
-38.100	-5.000	0.043
-38.000	-5.000	0.043
-37.900	-5.000	0.041
-37.800	-5.000	0.041
-37.700	-5.000	0.040
-37.600	-5.000	0.039
-37.500	-5.000	0.038
-37.400	-5.000	0.037
-37.300	-5.000	0.035
-37.200	-5.000	0.034
-37.100	-5.000	0.034
-37.000	-5.000	0.034
-36.900	-5.000	0.033
-41.000	-5.100	0.020
-40.900	-5.100	0.020
-40.800	-5.100	0.021
-40.700	-5.100	0.021
-40.600	-5.100	0.022
-40.500	-5.100	0.023
-40.400	-5.100	0.025
-40.300	-5.100	0.026
-40.200	-5.100	0.026
-40.100	-5.100	0.027
-40.000	-5.100	0.028
-39.900	-5.100	0.029
-39.800	-5.100	0.029
-39.700	-5.100	0.030
-39.600	-5.100	0.030
-39.500	-5.100	0.031
-39.400	-5.100	0.032
-39.300	-5.100	0.032
-39.200	-5.100	0.033
-39.100	-5.100	0.036
-39.000	-5.100	0.037
-38.900	-5.100	0.038
-38.800	-5.100	0.039
-38.700	-5.100	0.040
-38.600	-5.100	0.041
-38.500	-5.100	0.041
-38.400	-5.100	0.042
-38.300	-5.100	0.042
-38.200	-5.100	0.042
-38.100	-5.100	0.042
-38.000	-5.100	0.042
-37.900	-5.100	0.041
-37.800	-5.100	0.041
-37.700	-5.100	0.040
-37.600	-5.100	0.039
-37.500	-5.100	0.039
-37.400	-5.100	0.038
-37.300	-5.100	0.038
-37.200	-5.100	0.037
-37.100	-5.100	0.035
-37.000	-5.100	0.035
-36.900	-5.100	0.034
-36.800	-5.100	0.034
-36.700	-5.100	0.036
-36.600	-5.100	0.036
-36.500	-5.100	0.037
-36.400	-5.100	0.038
-36.300	-5.100	0.038
-36.200	-5.100	0.039
-36.100	-5.100	0.040
-36.000	-5.100	0.041
-35.900	-5.100	0.041
-35.800	-5.100	0.041
-40.900	-5.200	0.020
-40.800	-5.200	0.021
-40.700	-5.200	0.021
-40.600	-5.200	0.022
-40.500	-5.200	0.022
-40.400	-5.200	0.023
-40.300	-5.200	0.025
-40.200	-5.200	0.026
-40.100	-5.200	0.026
-40.000	-5.200	0.027
-39.900	-5.200	0.028
-39.800	-5.200	0.028
-39.700	-5.200	0.029
-39.600	-5.200	0.030
-39.500	-5.200	0.030
-39.400	-5.200	0.031
-39.300	-5.200	0.032
-39.200	-5.200	0.032
-39.100	-5.200	0.033
-39.000	-5.200	0.036
-38.900	-5.200	0.037
-38.800	-5.200	0.038
-38.700	-5.200	0.039
-38.600	-5.200	0.040
-38.500	-5.200	0.040
-38.400	-5.200	0.041
-38.300	-5.200	0.041
-38.200	-5.200	0.042
-38.100	-5.200	0.042
-38.000	-5.200	0.042
-37.900	-5.200	0.042
-37.800	-5.200	0.042
-37.700	-5.200	0.041
-37.600	-5.200	0.041
-37.500	-5.200	0.040
-37.400	-5.200	0.040
-37.300	-5.200	0.039
-37.200	-5.200	0.038
-37.100	-5.200	0.038
-37.000	-5.200	0.038
-36.900	-5.200	0.037
-36.800	-5.200	0.037
-36.700	-5.200	0.037
-36.600	-5.200	0.038
-36.500	-5.200	0.038
-36.400	-5.200	0.040
-36.300	-5.200	0.040
-36.200	-5.200	0.042
-36.100	-5.200	0.042
-36.000	-5.200	0.047
-35.900	-5.200	0.046
-35.800	-5.200	0.048
-35.700	-5.200	0.045
-35.600	-5.200	0.046
-35.500	-5.200	0.040
-40.900	-5.300	0.020
-40.800	-5.300	0.020
-40.700	-5.300	0.021
-40.600	-5.300	0.021
-40.500	-5.300	0.022
-40.400	-5.300	0.023
-40.300	-5.300	0.023
-40.200	-5.300	0.025
-40.100	-5.300	0.026
-40.000	-5.300	0.026
-39.900	-5.300	0.027
-39.800	-5.300	0.028
-39.700	-5.300	0.028
-39.600	-5.300	0.029
-39.500	-5.300	0.030
-39.400	-5.300	0.030
-39.300	-5.300	0.031
-39.200	-5.300	0.032
-39.100	-5.300	0.032
-39.000	-5.300	0.033
-38.900	-5.300	0.034
-38.800	-5.300	0.037
-38.700	-5.300	0.038
-38.600	-5.300	0.039
-38.500	-5.300	0.039
-38.400	-5.300	0.040
-38.300	-5.300	0.041
-38.200	-5.300	0.041
-38.100	-5.300	0.042
-38.000	-5.300	0.042
-37.900	-5.300	0.042
-37.800	-5.300	0.042
-37.700	-5.300	0.042
-37.600	-5.300	0.042
-37.500	-5.300	0.042
-37.400	-5.300	0.041
-37.300	-5.300	0.041
-37.200	-5.300	0.040
-37.100	-5.300	0.039
-37.000	-5.300	0.039
-36.900	-5.300	0.038
-36.800	-5.300	0.038
-36.700	-5.300	0.038
-36.600	-5.300	0.039
-36.500	-5.300	0.040
-36.400	-5.300	0.041
-36.300	-5.300	0.042
-36.200	-5.300	0.043
-36.100	-5.300	0.046
-36.000	-5.300	0.048
-35.900	-5.300	0.048
-35.800	-5.300	0.049
-35.700	-5.300	0.047
-35.600	-5.300	0.046
-35.500	-5.300	0.044
-35.400	-5.300	0.040
-40.900	-5.400	0.019
-40.800	-5.400	0.020
-40.700	-5.400	0.021
-40.600	-5.400	0.021
-40.500	-5.400	0.022
-40.400	-5.400	0.022
-40.300	-5.400	0.023
-40.200	-5.400	0.023
-40.100	-5.400	0.025
-40.000	-5.400	0.026
-39.900	-5.400	0.026
-39.800	-5.400	0.027
-39.700	-5.400	0.028
-39.600	-5.400	0.028
-39.500	-5.400	0.029
-39.400	-5.400	0.030
-39.300	-5.400	0.031
-39.200	-5.400	0.031
-39.100	-5.400	0.032
-39.000	-5.400	0.033
-38.900	-5.400	0.034
-38.800	-5.400	0.036
-38.700	-5.400	0.037
-38.600	-5.400	0.038
-38.500	-5.400	0.039
-38.400	-5.400	0.040
-38.300	-5.400	0.041
-38.200	-5.400	0.042
-38.100	-5.400	0.043
-38.000	-5.400	0.044
-37.900	-5.400	0.044
-37.800	-5.400	0.045
-37.700	-5.400	0.044
-37.600	-5.400	0.045
-37.500	-5.400	0.044
-37.400	-5.400	0.044
-37.300	-5.400	0.043
-37.200	-5.400	0.042
-37.100	-5.400	0.041
-37.000	-5.400	0.041
-36.900	-5.400	0.040
-36.800	-5.400	0.040
-36.700	-5.400	0.040
-36.600	-5.400	0.041
-36.500	-5.400	0.041
-36.400	-5.400	0.043
-36.300	-5.400	0.043
-36.200	-5.400	0.049
-36.100	-5.400	0.049
-36.000	-5.400	0.052
-35.900	-5.400	0.051
-35.800	-5.400	0.053
-35.700	-5.400	0.050
-35.600	-5.400	0.051
-35.500	-5.400	0.046
-35.400	-5.400	0.045
-40.900	-5.500	0.019
-40.800	-5.500	0.020
-40.700	-5.500	0.020
-40.600	-5.500	0.021
-40.500	-5.500	0.021
-40.400	-5.500	0.022
-40.300	-5.500	0.022
-40.200	-5.500	0.023
-40.100	-5.500	0.024
-40.000	-5.500	0.025
-39.900	-5.500	0.026
-39.800	-5.500	0.027
-39.700	-5.500	0.027
-39.600	-5.500	0.028
-39.500	-5.500	0.029
-39.400	-5.500	0.029
-39.300	-5.500	0.030
-39.200	-5.500	0.031
-39.100	-5.500	0.032
-39.000	-5.500	0.032
-38.900	-5.500	0.033
-38.800	-5.500	0.034
-38.700	-5.500	0.037
-38.600	-5.500	0.038
-38.500	-5.500	0.039
-38.400	-5.500	0.040
-38.300	-5.500	0.041
-38.200	-5.500	0.043
-38.100	-5.500	0.044
-38.000	-5.500	0.045
-37.900	-5.500	0.046
-37.800	-5.500	0.047
-37.700	-5.500	0.047
-37.600	-5.500	0.050
-37.500	-5.500	0.047
-37.400	-5.500	0.046
-37.300	-5.500	0.045
-37.200	-5.500	0.044
-37.100	-5.500	0.043
-37.000	-5.500	0.042
-36.900	-5.500	0.041
-36.800	-5.500	0.041
-36.700	-5.500	0.041
-36.600	-5.500	0.041
-36.500	-5.500	0.042
-36.400	-5.500	0.043
-36.300	-5.500	0.044
-36.200	-5.500	0.049
-36.100	-5.500	0.049
-36.000	-5.500	0.051
-35.900	-5.500	0.051
-35.800	-5.500	0.052
-35.700	-5.500	0.050
-35.600	-5.500	0.050
-35.500	-5.500	0.047
-35.400	-5.500	0.045
-35.300	-5.500	0.039
-40.900	-5.600	0.019
-40.800	-5.600	0.019
-40.700	-5.600	0.020
-40.600	-5.600	0.020
-40.500	-5.600	0.021
-40.400	-5.600	0.022
-40.300	-5.600	0.022
-40.200	-5.600	0.023
-40.100	-5.600	0.023
-40.000	-5.600	0.024
-39.900	-5.600	0.026
-39.800	-5.600	0.026
-39.700	-5.600	0.027
-39.600	-5.600	0.028
-39.500	-5.600	0.028
-39.400	-5.600	0.029
-39.300	-5.600	0.030
-39.200	-5.600	0.031
-39.100	-5.600	0.031
-39.000	-5.600	0.032
-38.900	-5.600	0.033
-38.800	-5.600	0.034
-38.700	-5.600	0.037
-38.600	-5.600	0.038
-38.500	-5.600	0.039
-38.400	-5.600	0.041
-38.300	-5.600	0.043
-38.200	-5.600	0.045
-38.100	-5.600	0.046
-38.000	-5.600	0.051
-37.900	-5.600	0.052
-37.800	-5.600	0.054
-37.700	-5.600	0.053
-37.600	-5.600	0.055
-37.500	-5.600	0.053
-37.400	-5.600	0.054
-37.300	-5.600	0.051
-37.200	-5.600	0.051
-37.100	-5.600	0.046
-37.000	-5.600	0.045
-36.900	-5.600	0.043
-36.800	-5.600	0.043
-36.700	-5.600	0.042
-36.600	-5.600	0.043
-36.500	-5.600	0.043
-36.400	-5.600	0.047
-36.300	-5.600	0.048
-36.200	-5.600	0.051
-36.100	-5.600	0.051
-36.000	-5.600	0.054
-35.900	-5.600	0.053
-35.800	-5.600	0.055
-35.700	-5.600	0.052
-35.600	-5.600	0.053
-35.500	-5.600	0.048
-35.400	-5.600	0.047
-35.300	-5.600	0.040
-40.900	-5.700	0.019
-40.800	-5.700	0.019
-40.700	-5.700	0.020
-40.600	-5.700	0.020
-40.500	-5.700	0.021
-40.400	-5.700	0.021
-40.300	-5.700	0.022
-40.200	-5.700	0.022
-40.100	-5.700	0.023
-40.000	-5.700	0.024
-39.900	-5.700	0.024
-39.800	-5.700	0.026
-39.700	-5.700	0.027
-39.600	-5.700	0.027
-39.500	-5.700	0.028
-39.400	-5.700	0.029
-39.300	-5.700	0.029
-39.200	-5.700	0.030
-39.100	-5.700	0.031
-39.000	-5.700	0.032
-38.900	-5.700	0.033
-38.800	-5.700	0.034
-38.700	-5.700	0.037
-38.600	-5.700	0.038
-38.500	-5.700	0.040
-38.400	-5.700	0.042
-38.300	-5.700	0.044
-38.200	-5.700	0.046
-38.100	-5.700	0.051
-38.000	-5.700	0.053
-37.900	-5.700	0.055
-37.800	-5.700	0.057
-37.700	-5.700	0.057
-37.600	-5.700	0.058
-37.500	-5.700	0.057
-37.400	-5.700	0.057
-37.300	-5.700	0.055
-37.200	-5.700	0.053
-37.100	-5.700	0.051
-37.000	-5.700	0.049
-36.900	-5.700	0.045
-36.800	-5.700	0.044
-36.700	-5.700	0.043
-36.600	-5.700	0.043
-36.500	-5.700	0.043
-36.400	-5.700	0.044
-36.300	-5.700	0.047
-36.200	-5.700	0.049
-36.100	-5.700	0.050
-36.000	-5.700	0.052
-35.900	-5.700	0.052
-35.800	-5.700	0.052
-35.700	-5.700	0.051
-35.600	-5.700	0.050
-35.500	-5.700	0.047
-35.400	-5.700	0.045
-35.300	-5.700	0.039
-35.200	-5.700	0.037
-40.900	-5.800	0.018
-40.800	-5.800	0.019
-40.700	-5.800	0.019
-40.600	-5.800	0.020
-40.500	-5.800	0.020
-40.400	-5.800	0.021
-40.300	-5.800	0.022
-40.200	-5.800	0.022
-40.100	-5.800	0.023
-40.000	-5.800	0.023
-39.900	-5.800	0.024
-39.800	-5.800	0.026
-39.700	-5.800	0.026
-39.600	-5.800	0.027
-39.500	-5.800	0.028
-39.400	-5.800	0.028
-39.300	-5.800	0.029
-39.200	-5.800	0.030
-39.100	-5.800	0.031
-39.000	-5.800	0.032
-38.900	-5.800	0.033
-38.800	-5.800	0.034
-38.700	-5.800	0.037
-38.600	-5.800	0.039
-38.500	-5.800	0.041
-38.400	-5.800	0.044
-38.300	-5.800	0.046
-38.200	-5.800	0.052
-38.100	-5.800	0.054
-38.000	-5.800	0.059
-37.900	-5.800	0.060
-37.800	-5.800	0.064
-37.700	-5.800	0.063
-37.600	-5.800	0.070
-37.500	-5.800	0.063
-37.400	-5.800	0.064
-37.300	-5.800	0.060
-37.200	-5.800	0.059
-37.100	-5.800	0.055
-37.000	-5.800	0.053
-36.900	-5.800	0.050
-36.800	-5.800	0.046
-36.700	-5.800	0.044
-36.600	-5.800	0.044
-36.500	-5.800	0.044
-36.400	-5.800	0.047
-36.300	-5.800	0.047
-36.200	-5.800	0.050
-36.100	-5.800	0.050
-36.000	-5.800	0.053
-35.900	-5.800	0.052
-35.800	-5.800	0.054
-35.700	-5.800	0.051
-35.600	-5.800	0.051
-35.500	-5.800	0.047
-35.400	-5.800	0.046
-35.300	-5.800	0.039
-35.200	-5.800	0.037
-40.800	-5.900	0.019
-40.700	-5.900	0.019
-40.600	-5.900	0.020
-40.500	-5.900	0.020
-40.400	-5.900	0.021
-40.300	-5.900	0.021
-40.200	-5.900	0.022
-40.100	-5.900	0.022
-40.000	-5.900	0.023
-39.900	-5.900	0.024
-39.800	-5.900	0.024
-39.700	-5.900	0.026
-39.600	-5.900	0.027
-39.500	-5.900	0.027
-39.400	-5.900	0.028
-39.300	-5.900	0.029
-39.200	-5.900	0.030
-39.100	-5.900	0.031
-39.000	-5.900	0.032
-38.900	-5.900	0.033
-38.800	-5.900	0.034
-38.700	-5.900	0.037
-38.600	-5.900	0.039
-38.500	-5.900	0.042
-38.400	-5.900	0.044
-38.300	-5.900	0.050
-38.200	-5.900	0.054
-38.100	-5.900	0.057
-38.000	-5.900	0.061
-37.900	-5.900	0.063
-37.800	-5.900	0.071
-37.700	-5.900	0.071
-37.600	-5.900	0.073
-37.500	-5.900	0.072
-37.400	-5.900	0.071
-37.300	-5.900	0.064
-37.200	-5.900	0.062
-37.100	-5.900	0.058
-37.000	-5.900	0.055
-36.900	-5.900	0.052
-36.800	-5.900	0.049
-36.700	-5.900	0.045
-36.600	-5.900	0.044
-36.500	-5.900	0.044
-36.400	-5.900	0.044
-36.300	-5.900	0.044
-36.200	-5.900	0.048
-36.100	-5.900	0.048
-36.000	-5.900	0.049
-35.900	-5.900	0.049
-35.800	-5.900	0.050
-35.700	-5.900	0.048
-35.600	-5.900	0.047
-35.500	-5.900	0.045
-35.400	-5.900	0.040
-35.300	-5.900	0.038
-35.200	-5.900	0.035
-40.800	-6.000	0.018
-40.700	-6.000	0.019
-40.600	-6.000	0.019
-40.500	-6.000	0.020
-40.400	-6.000	0.020
-40.300	-6.000	0.021
-40.200	-6.000	0.022
-40.100	-6.000	0.022
-40.000	-6.000	0.023
-39.900	-6.000	0.023
-39.800	-6.000	0.024
-39.700	-6.000	0.024
-39.600	-6.000	0.026
-39.500	-6.000	0.027
-39.400	-6.000	0.028
-39.300	-6.000	0.029
-39.200	-6.000	0.030
-39.100	-6.000	0.031
-39.000	-6.000	0.032
-38.900	-6.000	0.033
-38.800	-6.000	0.036
-38.700	-6.000	0.038
-38.600	-6.000	0.040
-38.500	-6.000	0.043
-38.400	-6.000	0.049
-38.300	-6.000	0.053
-38.200	-6.000	0.058
-38.100	-6.000	0.061
-38.000	-6.000	0.072
-37.900	-6.000	0.073
-37.800	-6.000	0.080
-37.700	-6.000	0.078
-37.600	-6.000	0.083
-37.500	-6.000	0.078
-37.400	-6.000	0.080
-37.300	-6.000	0.074
-37.200	-6.000	0.072
-37.100	-6.000	0.062
-37.000	-6.000	0.060
-36.900	-6.000	0.054
-36.800	-6.000	0.052
-36.700	-6.000	0.046
-36.600	-6.000	0.045
-36.500	-6.000	0.044
-36.400	-6.000	0.044
-36.300	-6.000	0.044
-36.200	-6.000	0.047
-36.100	-6.000	0.047
-36.000	-6.000	0.049
-35.900	-6.000	0.048
-35.800	-6.000	0.049
-35.700	-6.000	0.047
-35.600	-6.000	0.047
-35.500	-6.000	0.041
-35.400	-6.000	0.040
-35.300	-6.000	0.037
-35.200	-6.000	0.035
-40.800	-6.100	0.018
-40.700	-6.100	0.019
-40.600	-6.100	0.019
-40.500	-6.100	0.020
-40.400	-6.100	0.020
-40.300	-6.100	0.021
-40.200	-6.100	0.021
-40.100	-6.100	0.022
-40.000	-6.100	0.022
-39.900	-6.100	0.023
-39.800	-6.100	0.024
-39.700	-6.100	0.024
-39.600	-6.100	0.026
-39.500	-6.100	0.027
-39.400	-6.100	0.028
-39.300	-6.100	0.029
-39.200	-6.100	0.029
-39.100	-6.100	0.030
-39.000	-6.100	0.032
-38.900	-6.100	0.033
-38.800	-6.100	0.036
-38.700	-6.100	0.038
-38.600	-6.100	0.041
-38.500	-6.100	0.044
-38.400	-6.100	0.050
-38.300	-6.100	0.054
-38.200	-6.100	0.059
-38.100	-6.100	0.063
-38.000	-6.100	0.073
-37.900	-6.100	0.076
-37.800	-6.100	0.081
-37.700	-6.100	0.082
-37.600	-6.100	0.084
-37.500	-6.100	0.082
-37.400	-6.100	0.081
-37.300	-6.100	0.076
-37.200	-6.100	0.073
-37.100	-6.100	0.064
-37.000	-6.100	0.060
-36.900	-6.100	0.056
-36.800	-6.100	0.052
-36.700	-6.100	0.049
-36.600	-6.100	0.045
-36.500	-6.100	0.043
-36.400	-6.100	0.043
-36.300	-6.100	0.042
-36.200	-6.100	0.043
-36.100	-6.100	0.042
-36.000	-6.100	0.043
-35.900	-6.100	0.042
-35.800	-6.100	0.042
-35.700	-6.100	0.041
-35.600	-6.100	0.040
-35.500	-6.100	0.038
-35.400	-6.100	0.037
-35.300	-6.100	0.035
-35.200	-6.100	0.033
-35.100	-6.100	0.029
-40.800	-6.200	0.018
-40.700	-6.200	0.018
-40.600	-6.200	0.019
-40.500	-6.200	0.019
-40.400	-6.200	0.020
-40.300	-6.200	0.020
-40.200	-6.200	0.021
-40.100	-6.200	0.022
-40.000	-6.200	0.022
-39.900	-6.200	0.023
-39.800	-6.200	0.023
-39.700	-6.200	0.024
-39.600	-6.200	0.026
-39.500	-6.200	0.027
-39.400	-6.200	0.027
-39.300	-6.200	0.028
-39.200	-6.200	0.029
-39.100	-6.200	0.030
-39.000	-6.200	0.031
-38.900	-6.200	0.033
-38.800	-6.200	0.036
-38.700	-6.200	0.038
-38.600	-6.200	0.042
-38.500	-6.200	0.044
-38.400	-6.200	0.052
-38.300	-6.200	0.056
-38.200	-6.200	0.063
-38.100	-6.200	0.071
-38.000	-6.200	0.080
-37.900	-6.200	0.081
-37.800	-6.200	0.089
-37.700	-6.200	0.087
-37.600	-6.200	0.093
-37.500	-6.200	0.087
-37.400	-6.200	0.090
-37.300	-6.200	0.081
-37.200	-6.200	0.080
-37.100	-6.200	0.071
-37.000	-6.200	0.068
-36.900	-6.200	0.058
-36.800	-6.200	0.054
-36.700	-6.200	0.050
-36.600	-6.200	0.045
-36.500	-6.200	0.043
-36.400	-6.200	0.042
-36.300	-6.200	0.041
-36.200	-6.200	0.042
-36.100	-6.200	0.041
-36.000	-6.200	0.042
-35.900	-6.200	0.041
-35.800	-6.200	0.041
-35.700	-6.200	0.039
-35.600	-6.200	0.039
-35.500	-6.200	0.037
-35.400	-6.200	0.036
-35.300	-6.200	0.033
-35.200	-6.200	0.032
-35.100	-6.200	0.028
-40.700	-6.300	0.018
-40.600	-6.300	0.019
-40.500	-6.300	0.019
-40.400	-6.300	0.020
-40.300	-6.300	0.020
-40.200	-6.300	0.021
-40.100	-6.300	0.021
-40.000	-6.300	0.022
-39.900	-6.300	0.022
-39.800	-6.300	0.023
-39.700	-6.300	0.024
-39.600	-6.300	0.024
-39.500	-6.300	0.026
-39.400	-6.300	0.027
-39.300	-6.300	0.028
-39.200	-6.300	0.029
-39.100	-6.300	0.030
-39.000	-6.300	0.031
-38.900	-6.300	0.033
-38.800	-6.300	0.036
-38.700	-6.300	0.038
-38.600	-6.300	0.041
-38.500	-6.300	0.044
-38.400	-6.300	0.052
-38.300	-6.300	0.056
-38.200	-6.300	0.062
-38.100	-6.300	0.071
-38.000	-6.300	0.078
-37.900	-6.300	0.081
-37.800	-6.300	0.087
-37.700	-6.300	0.087
-37.600	-6.300	0.090
-37.500	-6.300	0.088
-37.400	-6.300	0.087
-37.300	-6.300	0.082
-37.200	-6.300	0.078
-37.100	-6.300	0.072
-37.000	-6.300	0.063
-36.900	-6.300	0.058
-36.800	-6.300	0.054
-36.700	-6.300	0.049
-36.600	-6.300	0.044
-36.500	-6.300	0.042
-36.400	-6.300	0.041
-36.300	-6.300	0.040
-36.200	-6.300	0.040
-36.100	-6.300	0.039
-36.000	-6.300	0.039
-35.900	-6.300	0.038
-35.800	-6.300	0.038
-35.700	-6.300	0.037
-35.600	-6.300	0.036
-35.500	-6.300	0.035
-35.400	-6.300	0.033
-35.300	-6.300	0.030
-35.200	-6.300	0.029
-35.100	-6.300	0.027
-40.800	-6.400	0.017
-40.700	-6.400	0.018
-40.600	-6.400	0.018
-40.500	-6.400	0.019
-40.400	-6.400	0.019
-40.300	-6.400	0.020
-40.200	-6.400	0.020
-40.100	-6.400	0.021
-40.000	-6.400	0.022
-39.900	-6.400	0.022
-39.800	-6.400	0.023
-39.700	-6.400	0.023
-39.600	-6.400	0.024
-39.500	-6.400	0.026
-39.400	-6.400	0.027
-39.300	-6.400	0.028
-39.200	-6.400	0.029
-39.100	-6.400	0.030
-39.000	-6.400	0.031
-38.900	-6.400	0.032
-38.800	-6.400	0.036
-38.700	-6.400	0.038
-38.600	-6.400	0.042
-38.500	-6.400	0.045
-38.400	-6.400	0.053
-38.300	-6.400	0.057
-38.200	-6.400	0.069
-38.100	-6.400	0.073
-38.000	-6.400	0.083
-37.900	-6.400	0.084
-37.800	-6.400	0.093
-37.700	-6.400	0.090
-37.600	-6.400	0.096
-37.500	-6.400	0.090
-37.400	-6.400	0.093
-37.300	-6.400	0.084
-37.200	-6.400	0.083
-37.100	-6.400	0.073
-37.000	-6.400	0.070
-36.900	-6.400	0.058
-36.800	-6.400	0.055
-36.700	-6.400	0.049
-36.600	-6.400	0.044
-36.500	-6.400	0.042
-36.400	-6.400	0.040
-36.300	-6.400	0.039
-36.200	-6.400	0.039
-36.100	-6.400	0.038
-36.000	-6.400	0.037
-35.900	-6.400	0.037
-35.800	-6.400	0.036
-35.700	-6.400	0.035
-35.600	-6.400	0.034
-35.500	-6.400	0.033
-35.400	-6.400	0.030
-35.300	-6.400	0.029
-35.200	-6.400	0.028
-35.100	-6.400	0.026
-35.000	-6.400	0.025
-40.700	-6.500	0.018
-40.600	-6.500	0.018
-40.500	-6.500	0.019
-40.400	-6.500	0.019
-40.300	-6.500	0.020
-40.200	-6.500	0.020
-40.100	-6.500	0.021
-40.000	-6.500	0.021
-39.900	-6.500	0.022
-39.800	-6.500	0.023
-39.700	-6.500	0.023
-39.600	-6.500	0.024
-39.500	-6.500	0.026
-39.400	-6.500	0.026
-39.300	-6.500	0.027
-39.200	-6.500	0.028
-39.100	-6.500	0.030
-39.000	-6.500	0.031
-38.900	-6.500	0.032
-38.800	-6.500	0.035
-38.700	-6.500	0.038
-38.600	-6.500	0.041
-38.500	-6.500	0.044
-38.400	-6.500	0.051
-38.300	-6.500	0.056
-38.200	-6.500	0.062
-38.100	-6.500	0.071
-38.000	-6.500	0.078
-37.900	-6.500	0.081
-37.800	-6.500	0.087
-37.700	-6.500	0.087
-37.600	-6.500	0.090
-37.500	-6.500	0.087
-37.400	-6.500	0.087
-37.300	-6.500	0.081
-37.200	-6.500	0.078
-37.100	-6.500	0.071
-37.000	-6.500	0.063
-36.900	-6.500	0.057
-36.800	-6.500	0.053
-36.700	-6.500	0.046
-36.600	-6.500	0.043
-36.500	-6.500	0.041
-36.400	-6.500	0.039
-36.300	-6.500	0.038
-36.200	-6.500	0.037
-36.100	-6.500	0.036
-36.000	-6.500	0.035
-35.900	-6.500	0.035
-35.800	-6.500	0.034
-35.700	-6.500	0.031
-35.600	-6.500	0.031
-35.500	-6.500	0.030
-35.400	-6.500	0.029
-35.300	-6.500	0.028
-35.200	-6.500	0.027
-35.000	-6.500	0.024
-40.700	-6.600	0.017
-40.600	-6.600	0.018
-40.500	-6.600	0.018
-40.400	-6.600	0.019
-40.300	-6.600	0.019
-40.200	-6.600	0.020
-40.100	-6.600	0.020
-40.000	-6.600	0.021
-39.900	-6.600	0.022
-39.800	-6.600	0.022
-39.700	-6.600	0.023
-39.600	-6.600	0.024
-39.500	-6.600	0.024
-39.400	-6.600	0.026
-39.300	-6.600	0.027
-39.200	-6.600	0.028
-39.100	-6.600	0.029
-39.000	-6.600	0.030
-38.900	-6.600	0.032
-38.800	-6.600	0.035
-38.700	-6.600	0.037
-38.600	-6.600	0.041
-38.500	-6.600	0.044
-38.400	-6.600	0.051
-38.300	-6.600	0.055
-38.200	-6.600	0.063
-38.100	-6.600	0.070
-38.000	-6.600	0.080
-37.900	-6.600	0.081
-37.800	-6.600	0.089
-37.700	-6.600	0.087
-37.600	-6.600	0.092
-37.500	-6.600	0.087
-37.400	-6.600	0.089
-37.300	-6.600	0.081
-37.200	-6.600	0.080
-37.100	-6.600	0.071
-37.000	-6.600	0.063
-36.900	-6.600	0.056
-36.800	-6.600	0.053
-36.700	-6.600	0.045
-36.600	-6.600	0.043
-36.500	-6.600	0.040
-36.400	-6.600	0.038
-36.300	-6.600	0.037
-36.200	-6.600	0.036
-36.100	-6.600	0.033
-36.000	-6.600	0.032
-35.900	-6.600	0.032
-35.800	-6.600	0.031
-35.700	-6.600	0.030
-35.600	-6.600	0.030
-35.500	-6.600	0.029
-35.400	-6.600	0.028
-35.300	-6.600	0.027
-35.200	-6.600	0.026
-35.100	-6.600	0.025
-35.000	-6.600	0.024
-40.600	-6.700	0.018
-40.500	-6.700	0.018
-40.400	-6.700	0.019
-40.300	-6.700	0.019
-40.200	-6.700	0.020
-40.100	-6.700	0.020
-40.000	-6.700	0.021
-39.900	-6.700	0.021
-39.800	-6.700	0.022
-39.700	-6.700	0.023
-39.600	-6.700	0.023
-39.500	-6.700	0.024
-39.400	-6.700	0.026
-39.300	-6.700	0.027
-39.200	-6.700	0.028
-39.100	-6.700	0.029
-39.000	-6.700	0.030
-38.900	-6.700	0.031
-38.800	-6.700	0.033
-38.700	-6.700	0.036
-38.600	-6.700	0.039
-38.500	-6.700	0.042
-38.400	-6.700	0.049
-38.300	-6.700	0.053
-38.200	-6.700	0.058
-38.100	-6.700	0.062
-38.000	-6.700	0.072
-37.900	-6.700	0.075
-37.800	-6.700	0.080
-37.700	-6.700	0.081
-37.600	-6.700	0.083
-37.500	-6.700	0.081
-37.400	-6.700	0.081
-37.200	-6.700	0.073
-37.100	-6.700	0.063
-37.000	-6.700	0.059
-36.900	-6.700	0.054
-36.800	-6.700	0.050
-36.700	-6.700	0.044
-36.600	-6.700	0.041
-36.500	-6.700	0.039
-36.400	-6.700	0.037
-36.300	-6.700	0.036
-36.200	-6.700	0.033
-36.100	-6.700	0.032
-36.000	-6.700	0.031
-35.900	-6.700	0.031
-35.800	-6.700	0.030
-35.700	-6.700	0.029
-35.600	-6.700	0.028
-35.500	-6.700	0.027
-35.400	-6.700	0.027
-35.300	-6.700	0.026
-35.200	-6.700	0.025
-35.100	-6.700	0.024
-35.000	-6.700	0.022
-40.400	-6.800	0.018
-40.300	-6.800	0.019
-40.200	-6.800	0.019
-40.100	-6.800	0.020
-40.000	-6.800	0.020
-39.900	-6.800	0.021
-39.800	-6.800	0.022
-39.700	-6.800	0.022
-39.600	-6.800	0.023
-39.500	-6.800	0.024
-39.400	-6.800	0.025
-39.300	-6.800	0.026
-39.200	-6.800	0.027
-39.100	-6.800	0.028
-39.000	-6.800	0.029
-38.900	-6.800	0.031
-38.800	-6.800	0.032
-38.700	-6.800	0.036
-38.600	-6.800	0.038
-38.500	-6.800	0.041
-38.400	-6.800	0.047
-38.300	-6.800	0.051
-38.200	-6.800	0.057
-38.100	-6.800	0.060
-38.000	-6.800	0.071
-37.900	-6.800	0.072
-37.800	-6.800	0.079
-37.700	-6.800	0.078
-37.600	-6.800	0.082
-37.500	-6.800	0.078
-37.400	-6.800	0.079
-37.300	-6.800	0.072
-37.200	-6.800	0.071
-37.100	-6.800	0.060
-37.000	-6.800	0.058
-36.900	-6.800	0.052
-36.800	-6.800	0.049
-36.700	-6.800	0.042
-36.600	-6.800	0.040
-36.500	-6.800	0.038
-36.400	-6.800	0.036
-36.300	-6.800	0.033
-36.200	-6.800	0.032
-36.100	-6.800	0.031
-36.000	-6.800	0.030
-35.900	-6.800	0.030
-35.800	-6.800	0.029
-35.700	-6.800	0.028
-35.600	-6.800	0.027
-35.500	-6.800	0.027
-35.400	-6.800	0.026
-35.300	-6.800	0.025
-35.200	-6.800	0.024
-35.100	-6.800	0.022
-35.000	-6.800	0.022
-40.400	-6.900	0.018
-40.300	-6.900	0.019
-40.200	-6.900	0.019
-40.100	-6.900	0.020
-40.000	-6.900	0.020
-39.900	-6.900	0.021
-39.800	-6.900	0.021
-39.700	-6.900	0.022
-39.600	-6.900	0.023
-39.500	-6.900	0.023
-39.400	-6.900	0.024
-39.300	-6.900	0.026
-39.200	-6.900	0.027
-39.100	-6.900	0.028
-39.000	-6.900	0.029
-38.900	-6.900	0.030
-38.800	-6.900	0.031
-38.700	-6.900	0.033
-38.600	-6.900	0.037
-38.500	-6.900	0.039
-38.400	-6.900	0.042
-38.300	-6.900	0.048
-38.200	-6.900	0.052
-38.100	-6.900	0.055
-38.000	-6.900	0.060
-37.900	-6.900	0.062
-37.800	-6.900	0.070
-37.700	-6.900	0.070
-37.600	-6.900	0.072
-37.500	-6.900	0.070
-37.400	-6.900	0.070
-37.300	-6.900	0.062
-37.200	-6.900	0.060
-37.100	-6.900	0.056
-37.000	-6.900	0.053
-36.900	-6.900	0.048
-36.800	-6.900	0.043
-36.700	-6.900	0.040
-36.600	-6.900	0.038
-36.500	-6.900	0.036
-36.400	-6.900	0.033
-36.300	-6.900	0.032
-36.200	-6.900	0.031
-36.100	-6.900	0.030
-36.000	-6.900	0.029
-35.900	-6.900	0.029
-35.800	-6.900	0.028
-35.700	-6.900	0.027
-35.600	-6.900	0.026
-35.500	-6.900	0.026
-35.400	-6.900	0.025
-35.300	-6.900	0.023
-35.200	-6.900	0.023
-35.100	-6.900	0.022
-35.000	-6.900	0.021
-34.900	-6.900	0.021
-40.400	-7.000	0.018
-40.300	-7.000	0.018
-40.200	-7.000	0.019
-40.100	-7.000	0.019
-40.000	-7.000	0.020
-39.900	-7.000	0.020
-39.800	-7.000	0.021
-39.700	-7.000	0.022
-39.600	-7.000	0.022
-39.500	-7.000	0.023
-39.400	-7.000	0.024
-39.300	-7.000	0.025
-39.200	-7.000	0.026
-39.100	-7.000	0.027
-39.000	-7.000	0.028
-38.900	-7.000	0.029
-38.800	-7.000	0.031
-38.700	-7.000	0.032
-38.600	-7.000	0.036
-38.500	-7.000	0.038
-38.400	-7.000	0.041
-38.300	-7.000	0.043
-38.200	-7.000	0.049
-38.100	-7.000	0.052
-38.000	-7.000	0.057
-37.900	-7.000	0.058
-37.800	-7.000	0.062
-37.700	-7.000	0.062
-37.600	-7.000	0.068
-37.500	-7.000	0.062
-37.400	-7.000	0.062
-37.300	-7.000	0.058
-37.200	-7.000	0.057
-37.100	-7.000	0.052
-37.000	-7.000	0.050
-36.900	-7.000	0.044
-36.800	-7.000	0.042
-36.700	-7.000	0.039
-36.600	-7.000	0.037
-36.500	-7.000	0.033
-36.400	-7.000	0.032
-36.300	-7.000	0.031
-36.200	-7.000	0.030
-36.100	-7.000	0.029
-36.000	-7.000	0.029
-35.900	-7.000	0.028
-35.800	-7.000	0.027
-35.700	-7.000	0.026
-35.600	-7.000	0.026
-35.500	-7.000	0.025
-35.400	-7.000	0.023
-35.300	-7.000	0.023
-35.200	-7.000	0.022
-35.100	-7.000	0.021
-35.000	-7.000	0.021
-34.900	-7.000	0.020
-40.400	-7.100	0.017
-40.300	-7.100	0.018
-40.200	-7.100	0.018
-40.100	-7.100	0.019
-40.000	-7.100	0.020
-39.900	-7.100	0.020
-39.800	-7.100	0.021
-39.700	-7.100	0.021
-39.600	-7.100	0.022
-39.500	-7.100	0.023
-39.400	-7.100	0.023
-39.300	-7.100	0.024
-39.200	-7.100	0.026
-39.100	-7.100	0.027
-39.000	-7.100	0.028
-38.900	-7.100	0.029
-38.800	-7.100	0.030
-38.700	-7.100	0.031
-38.600	-7.100	0.032
-38.500	-7.100	0.036
-38.400	-7.100	0.038
-38.300	-7.100	0.040
-38.200	-7.100	0.043
-38.100	-7.100	0.047
-38.000	-7.100	0.050
-37.900	-7.100	0.052
-37.800	-7.100	0.055
-37.700	-7.100	0.055
-37.600	-7.100	0.056
-37.500	-7.100	0.055
-37.400	-7.100	0.055
-37.300	-7.100	0.053
-37.200	-7.100	0.051
-37.100	-7.100	0.048
-37.000	-7.100	0.043
-36.900	-7.100	0.041
-36.800	-7.100	0.039
-36.700	-7.100	0.037
-36.600	-7.100	0.035
-36.500	-7.100	0.032
-36.400	-7.100	0.031
-36.300	-7.100	0.030
-36.200	-7.100	0.029
-36.100	-7.100	0.029
-36.000	-7.100	0.028
-35.900	-7.100	0.027
-35.800	-7.100	0.026
-35.700	-7.100	0.026
-35.600	-7.100	0.025
-35.500	-7.100	0.023
-35.400	-7.100	0.023
-35.300	-7.100	0.022
-35.200	-7.100	0.022
-35.100	-7.100	0.021
-35.000	-7.100	0.020
-34.900	-7.100	0.020
-40.500	-7.200	0.016
-40.400	-7.200	0.017
-40.300	-7.200	0.018
-40.200	-7.200	0.018
-40.100	-7.200	0.019
-40.000	-7.200	0.019
-39.900	-7.200	0.020
-39.800	-7.200	0.020
-39.700	-7.200	0.021
-39.600	-7.200	0.022
-39.500	-7.200	0.022
-39.400	-7.200	0.023
-39.300	-7.200	0.023
-39.200	-7.200	0.025
-39.100	-7.200	0.026
-39.000	-7.200	0.027
-38.900	-7.200	0.028
-38.800	-7.200	0.029
-38.700	-7.200	0.030
-38.600	-7.200	0.031
-38.500	-7.200	0.033
-38.400	-7.200	0.036
-38.300	-7.200	0.038
-38.200	-7.200	0.040
-38.100	-7.200	0.042
-38.000	-7.200	0.047
-37.900	-7.200	0.048
-37.800	-7.200	0.051
-37.700	-7.200	0.050
-37.600	-7.200	0.052
-37.500	-7.200	0.050
-37.400	-7.200	0.051
-37.300	-7.200	0.048
-37.200	-7.200	0.047
-37.100	-7.200	0.042
-37.000	-7.200	0.041
-36.900	-7.200	0.039
-36.800	-7.200	0.037
-36.700	-7.200	0.035
-36.600	-7.200	0.032
-36.500	-7.200	0.031
-36.400	-7.200	0.030
-36.300	-7.200	0.029
-36.200	-7.200	0.029
-36.100	-7.200	0.028
-36.000	-7.200	0.027
-35.900	-7.200	0.026
-35.800	-7.200	0.026
-35.700	-7.200	0.025
-35.600	-7.200	0.023
-35.500	-7.200	0.023
-35.400	-7.200	0.022
-35.300	-7.200	0.022
-35.200	-7.200	0.021
-35.100	-7.200	0.020
-35.000	-7.200	0.020
-34.900	-7.200	0.019
-34.800	-7.200	0.019
-40.500	-7.300	0.016
-40.400	-7.300	0.016
-40.300	-7.300	0.017
-40.200	-7.300	0.018
-40.100	-7.300	0.018
-40.000	-7.300	0.019
-39.900	-7.300	0.019
-39.800	-7.300	0.020
-39.700	-7.300	0.021
-39.600	-7.300	0.021
-39.500	-7.300	0.022
-39.400	-7.300	0.022
-39.300	-7.300	0.023
-39.200	-7.300	0.024
-39.100	-7.300	0.025
-39.000	-7.300	0.026
-38.900	-7.300	0.027
-38.800	-7.300	0.028
-38.700	-7.300	0.029
-38.600	-7.300	0.030
-38.500	-7.300	0.031
-38.400	-7.300	0.033
-38.300	-7.300	0.036
-38.200	-7.300	0.037
-38.100	-7.300	0.039
-38.000	-7.300	0.040
-37.900	-7.300	0.041
-37.800	-7.300	0.043
-37.700	-7.300	0.043
-37.600	-7.300	0.044
-37.500	-7.300	0.043
-37.400	-7.300	0.043
-37.100	-7.300	0.039
-37.000	-7.300	0.038
-36.900	-7.300	0.036
-36.800	-7.300	0.035
-36.700	-7.300	0.032
-36.600	-7.300	0.031
-36.500	-7.300	0.030
-36.400	-7.300	0.029
-36.300	-7.300	0.028
-36.200	-7.300	0.028
-36.100	-7.300	0.027
-36.000	-7.300	0.026
-35.900	-7.300	0.026
-35.800	-7.300	0.025
-35.700	-7.300	0.023
-35.600	-7.300	0.023
-35.500	-7.300	0.022
-35.400	-7.300	0.022
-35.300	-7.300	0.021
-35.200	-7.300	0.021
-35.100	-7.300	0.020
-35.000	-7.300	0.020
-34.900	-7.300	0.019
-34.800	-7.300	0.018
-39.600	-7.400	0.021
-39.500	-7.400	0.021
-39.400	-7.400	0.022
-39.300	-7.400	0.022
-39.200	-7.400	0.023
-39.100	-7.400	0.024
-39.000	-7.400	0.026
-38.900	-7.400	0.026
-38.800	-7.400	0.027
-38.700	-7.400	0.028
-38.600	-7.400	0.029
-38.500	-7.400	0.030
-38.400	-7.400	0.031
-38.300	-7.400	0.032
-38.200	-7.400	0.035
-38.100	-7.400	0.036
-38.000	-7.400	0.038
-37.900	-7.400	0.038
-37.800	-7.400	0.039
-37.700	-7.400	0.040
-37.600	-7.400	0.040
-37.500	-7.400	0.040
-37.000	-7.400	0.036
-36.900	-7.400	0.033
-36.800	-7.400	0.032
-36.700	-7.400	0.031
-36.600	-7.400	0.030
-36.500	-7.400	0.029
-36.400	-7.400	0.028
-36.300	-7.400	0.028
-36.200	-7.400	0.027
-36.100	-7.400	0.026
-36.000	-7.400	0.026
-35.900	-7.400	0.025
-35.800	-7.400	0.023
-35.700	-7.400	0.023
-35.600	-7.400	0.022
-35.500	-7.400	0.022
-35.400	-7.400	0.021
-35.100	-7.400	0.020
-35.000	-7.400	0.019
-34.900	-7.400	0.019
-39.400	-7.500	0.021
-39.300	-7.500	0.022
-39.200	-7.500	0.023
-39.100	-7.500	0.023
-39.000	-7.500	0.024
-38.900	-7.500	0.026
-38.800	-7.500	0.026
-38.700	-7.500	0.027
-38.600	-7.500	0.028
-38.500	-7.500	0.029
-38.400	-7.500	0.030
-38.300	-7.500	0.031
-38.200	-7.500	0.031
-38.100	-7.500	0.032
-38.000	-7.500	0.035
-37.900	-7.500	0.035
-37.800	-7.500	0.036
-37.700	-7.500	0.036
-37.600	-7.500	0.037
-37.000	-7.500	0.032
-36.900	-7.500	0.031
-36.800	-7.500	0.030
-36.700	-7.500	0.030
-36.600	-7.500	0.029
-36.500	-7.500	0.028
-36.400	-7.500	0.027
-36.300	-7.500	0.027
-36.200	-7.500	0.026
-36.100	-7.500	0.025
-36.000	-7.500	0.024
-35.900	-7.500	0.023
-35.800	-7.500	0.023
-35.700	-7.500	0.022
-35.600	-7.500	0.022
-34.900	-7.500	0.018
-39.400	-7.600	0.021
-39.300	-7.600	0.021
-39.200	-7.600	0.022
-39.100	-7.600	0.023
-39.000	-7.600	0.023
-38.900	-7.600	0.024
-38.800	-7.600	0.026
-38.700	-7.600	0.026
-38.600	-7.600	0.027
-38.500	-7.600	0.028
-38.400	-7.600	0.029
-38.300	-7.600	0.029
-38.200	-7.600	0.030
-38.100	-7.600	0.031
-38.000	-7.600	0.031
-37.900	-7.600	0.032
-37.800	-7.600	0.032
-37.100	-7.600	0.031
-37.000	-7.600	0.030
-36.900	-7.600	0.030
-36.800	-7.600	0.029
-36.700	-7.600	0.028
-36.600	-7.600	0.028
-36.500	-7.600	0.027
-36.400	-7.600	0.026
-36.300	-7.600	0.026
-36.200	-7.600	0.025
-36.100	-7.600	0.024
-36.000	-7.600	0.023
-35.900	-7.600	0.023
-35.800	-7.600	0.022
-35.700	-7.600	0.022
-35.600	-7.600	0.021
-39.100	-7.700	0.022
-39.000	-7.700	0.023
-38.900	-7.700	0.023
-38.600	-7.700	0.026
-38.500	-7.700	0.027
-38.400	-7.700	0.027
-38.300	-7.700	0.028
-38.200	-7.700	0.029
-38.100	-7.700	0.029
-38.000	-7.700	0.030
-37.100	-7.700	0.029
-37.000	-7.700	0.029
-36.900	-7.700	0.028
-36.800	-7.700	0.028
-36.700	-7.700	0.027
-36.600	-7.700	0.027
-36.500	-7.700	0.026
-36.400	-7.700	0.026
-36.300	-7.700	0.025
-36.200	-7.700	0.023
-36.100	-7.700	0.023
-36.000	-7.700	0.022
-35.900	-7.700	0.022
-35.800	-7.700	0.021
-35.700	-7.700	0.021
-39.000	-7.800	0.022
-38.200	-7.800	0.027
-38.100	-7.800	0.028
-37.100	-7.800	0.028
-37.000	-7.800	0.028
-36.900	-7.800	0.027
-36.800	-7.800	0.027
-36.700	-7.800	0.026
-36.600	-7.800	0.026
-36.500	-7.800	0.025
-36.400	-7.800	0.024
-36.300	-7.800	0.023
-36.000	-7.800	0.022
-37.200	-7.900	0.027
-37.100	-7.900	0.027
-37.000	-7.900	0.026
-36.900	-7.900	0.026
-36.800	-7.900	0.026
-36.700	-7.900	0.025
-36.600	-7.900	0.025
-36.500	-7.900	0.023
-37.100	-8.000	0.026
-37.000	-8.000	0.025
-36.900	-8.000	0.025
-36.800	-8.000	0.024
-36.700	-8.000	0.023
-37.100	-8.100	0.023
-37.000	-8.100	0.023
-36.900	-8.100	0.023
-36.800	-8.100	0.023
-36.700	-8.100	0.022
-37.100	-8.200	0.023
-37.000	-8.200	0.022
-36.900	-8.200	0.022
