-40.500	-2.800	0.073
-41.200	-2.900	0.055
-41.100	-2.900	0.058
-41.000	-2.900	0.061
-40.900	-2.900	0.064
-40.800	-2.900	0.068
-40.700	-2.900	0.071
-40.600	-2.900	0.074
-40.500	-2.900	0.082
-40.400	-2.900	0.086
-40.300	-2.900	0.089
-40.200	-2.900	0.093
-40.100	-2.900	0.096
-40.000	-2.900	0.098
-39.900	-2.900	0.100
-41.200	-3.000	0.057
-41.100	-3.000	0.061
-41.000	-3.000	0.064
-40.900	-3.000	0.067
-40.800	-3.000	0.071
-40.700	-3.000	0.074
-40.600	-3.000	0.083
-40.500	-3.000	0.088
-40.400	-3.000	0.092
-40.300	-3.000	0.097
-40.200	-3.000	0.107
-40.100	-3.000	0.112
-40.000	-3.000	0.116
-39.900	-3.000	0.118
-39.800	-3.000	0.120
-39.700	-3.000	0.120
-41.200	-3.100	0.060
-41.100	-3.100	0.063
-41.000	-3.100	0.067
-40.900	-3.100	0.071
-40.800	-3.100	0.074
-40.700	-3.100	0.084
-40.600	-3.100	0.089
-40.500	-3.100	0.094
-40.400	-3.100	0.100
-40.300	-3.100	0.113
-40.200	-3.100	0.120
-40.100	-3.100	0.125
-40.000	-3.100	0.130
-39.900	-3.100	0.133
-39.800	-3.100	0.135
-39.700	-3.100	0.134
-39.600	-3.100	0.133
-41.300	-3.200	0.058
-41.200	-3.200	0.062
-41.100	-3.200	0.065
-41.000	-3.200	0.069
-40.900	-3.200	0.073
-40.800	-3.200	0.083
-40.700	-3.200	0.089
-40.600	-3.200	0.095
-40.500	-3.200	0.108
-40.400	-3.200	0.117
-40.300	-3.200	0.126
-40.200	-3.200	0.134
-40.100	-3.200	0.149
-40.000	-3.200	0.158
-39.900	-3.200	0.160
-39.800	-3.200	0.165
-39.700	-3.200	0.162
-39.600	-3.200	0.161
-39.500	-3.200	0.154
-39.400	-3.200	0.150
-41.300	-3.300	0.060
-41.200	-3.300	0.064
-41.100	-3.300	0.068
-41.000	-3.300	0.072
-40.900	-3.300	0.081
-40.800	-3.300	0.087
-40.700	-3.300	0.094
-40.600	-3.300	0.108
-40.500	-3.300	0.118
-40.400	-3.300	0.129
-40.300	-3.300	0.138
-40.200	-3.300	0.159
-40.100	-3.300	0.168
-40.000	-3.300	0.178
-39.900	-3.300	0.181
-39.800	-3.300	0.185
-39.700	-3.300	0.182
-39.600	-3.300	0.181
-39.500	-3.300	0.173
-39.400	-3.300	0.167
-39.300	-3.300	0.158
-39.200	-3.300	0.143
-41.300	-3.400	0.062
-41.200	-3.400	0.066
-41.100	-3.400	0.070
-41.000	-3.400	0.074
-40.900	-3.400	0.085
-40.800	-3.400	0.092
-40.700	-3.400	0.100
-40.600	-3.400	0.117
-40.500	-3.400	0.128
-40.400	-3.400	0.152
-40.300	-3.400	0.165
-40.200	-3.400	0.182
-40.100	-3.400	0.190
-40.000	-3.400	0.221
-39.900	-3.400	0.205
-39.800	-3.400	0.232
-39.700	-3.400	0.206
-39.600	-3.400	0.224
-39.500	-3.400	0.196
-39.400	-3.400	0.190
-39.300	-3.400	0.177
-39.200	-3.400	0.169
-39.100	-3.400	0.158
-41.300	-3.500	0.063
-41.200	-3.500	0.067
-41.100	-3.500	0.072
-41.000	-3.500	0.081
-40.900	-3.500	0.088
-40.800	-3.500	0.096
-40.700	-3.500	0.112
-40.600	-3.500	0.125
-40.500	-3.500	0.138
-40.400	-3.500	0.164
-40.300	-3.500	0.179
-40.200	-3.500	0.197
-40.100	-3.500	0.207
-40.000	-3.500	0.238
-39.900	-3.500	0.240
-39.800	-3.500	0.250
-39.700	-3.500	0.242
-39.600	-3.500	0.242
-39.500	-3.500	0.213
-39.400	-3.500	0.206
-39.300	-3.500	0.193
-39.200	-3.500	0.184
-39.100	-3.500	0.173
-39.000	-3.500	0.167
-41.300	-3.600	0.064
-41.200	-3.600	0.069
-41.100	-3.600	0.073
-41.000	-3.600	0.084
-40.900	-3.600	0.091
-40.800	-3.600	0.106
-40.700	-3.600	0.119
-40.600	-3.600	0.133
-40.500	-3.600	0.159
-40.400	-3.600	0.181
-40.300	-3.600	0.197
-40.200	-3.600	0.241
-40.100	-3.600	0.248
-40.000	-3.600	0.276
-39.900	-3.600	0.270
-39.800	-3.600	0.290
-39.700	-3.600	0.272
-39.600	-3.600	0.280
-39.500	-3.600	0.255
-39.400	-3.600	0.252
-39.300	-3.600	0.226
-39.200	-3.600	0.218
-39.100	-3.600	0.190
-39.000	-3.600	0.185
-38.900	-3.600	0.177
-38.800	-3.600	0.176
-41.200	-3.700	0.070
-41.100	-3.700	0.079
-41.000	-3.700	0.086
-40.900	-3.700	0.094
-40.800	-3.700	0.111
-40.700	-3.700	0.124
-40.600	-3.700	0.148
-40.500	-3.700	0.167
-40.400	-3.700	0.190
-40.300	-3.700	0.207
-40.200	-3.700	0.248
-40.100	-3.700	0.260
-40.000	-3.700	0.281
-39.900	-3.700	0.283
-39.800	-3.700	0.294
-39.700	-3.700	0.284
-39.600	-3.700	0.286
-39.500	-3.700	0.267
-39.400	-3.700	0.260
-39.300	-3.700	0.239
-39.200	-3.700	0.229
-39.100	-3.700	0.203
-39.000	-3.700	0.198
-38.900	-3.700	0.192
-38.800	-3.700	0.192
-38.700	-3.700	0.190
-38.600	-3.700	0.193
-41.200	-3.800	0.071
-41.100	-3.800	0.080
-41.000	-3.800	0.088
-40.900	-3.800	0.096
-40.800	-3.800	0.114
-40.700	-3.800	0.129
-40.600	-3.800	0.157
-40.500	-3.800	0.177
-40.400	-3.800	0.220
-40.300	-3.800	0.238
-40.200	-3.800	0.276
-40.100	-3.800	0.281
-40.000	-3.800	0.341
-39.900	-3.800	0.306
-39.800	-3.800	0.360
-39.700	-3.800	0.308
-39.600	-3.800	0.347
-39.500	-3.800	0.290
-39.400	-3.800	0.290
-39.300	-3.800	0.260
-39.200	-3.800	0.255
-39.100	-3.800	0.234
-39.000	-3.800	0.233
-38.900	-3.800	0.210
-38.800	-3.800	0.230
-38.700	-3.800	0.211
-38.600	-3.800	0.237
-38.500	-3.800	0.229
-41.200	-3.900	0.071
-41.100	-3.900	0.081
-41.000	-3.900	0.089
-40.900	-3.900	0.097
-40.800	-3.900	0.116
-40.700	-3.900	0.131
-40.600	-3.900	0.159
-40.500	-3.900	0.179
-40.400	-3.900	0.204
-40.300	-3.900	0.239
-40.200	-3.900	0.269
-40.100	-3.900	0.282
-40.000	-3.900	0.306
-39.900	-3.900	0.306
-39.800	-3.900	0.320
-39.700	-3.900	0.308
-39.600	-3.900	0.311
-39.500	-3.900	0.291
-39.400	-3.900	0.285
-39.300	-3.900	0.264
-39.200	-3.900	0.257
-39.100	-3.900	0.242
-39.000	-3.900	0.241
-38.900	-3.900	0.236
-38.800	-3.900	0.243
-38.700	-3.900	0.242
-38.600	-3.900	0.252
-38.500	-3.900	0.249
-38.400	-3.900	0.254
-41.200	-4.000	0.072
-41.100	-4.000	0.082
-41.000	-4.000	0.089
-40.900	-4.000	0.098
-40.800	-4.000	0.117
-40.700	-4.000	0.132
-40.600	-4.000	0.163
-40.500	-4.000	0.183
-40.400	-4.000	0.231
-40.300	-4.000	0.248
-40.200	-4.000	0.289
-40.100	-4.000	0.293
-40.000	-4.000	0.359
-39.900	-4.000	0.319
-39.800	-4.000	0.379
-39.700	-4.000	0.322
-39.600	-4.000	0.366
-39.500	-4.000	0.304
-39.400	-4.000	0.330
-39.300	-4.000	0.277
-39.200	-4.000	0.277
-39.100	-4.000	0.258
-39.000	-4.000	0.265
-38.900	-4.000	0.256
-38.800	-4.000	0.273
-38.700	-4.000	0.268
-38.600	-4.000	0.288
-38.500	-4.000	0.277
-38.400	-4.000	0.293
-38.300	-4.000	0.273
-41.100	-4.100	0.081
-41.000	-4.100	0.089
-40.900	-4.100	0.098
-40.800	-4.100	0.116
-40.700	-4.100	0.131
-40.600	-4.100	0.159
-40.500	-4.100	0.180
-40.400	-4.100	0.204
-40.300	-4.100	0.240
-40.200	-4.100	0.270
-40.100	-4.100	0.282
-40.000	-4.100	0.306
-39.900	-4.100	0.307
-39.800	-4.100	0.320
-39.700	-4.100	0.310
-39.600	-4.100	0.313
-39.500	-4.100	0.295
-39.400	-4.100	0.290
-39.300	-4.100	0.272
-39.200	-4.100	0.268
-39.100	-4.100	0.258
-39.000	-4.100	0.263
-38.900	-4.100	0.262
-38.800	-4.100	0.275
-38.700	-4.100	0.277
-38.600	-4.100	0.292
-38.500	-4.100	0.289
-38.400	-4.100	0.297
-38.300	-4.100	0.285
-38.200	-4.100	0.283
-41.100	-4.200	0.081
-41.000	-4.200	0.088
-40.900	-4.200	0.097
-40.800	-4.200	0.115
-40.700	-4.200	0.129
-40.600	-4.200	0.157
-40.500	-4.200	0.177
-40.400	-4.200	0.221
-40.300	-4.200	0.238
-40.200	-4.200	0.276
-40.100	-4.200	0.282
-40.000	-4.200	0.342
-39.900	-4.200	0.307
-39.800	-4.200	0.362
-39.700	-4.200	0.311
-39.600	-4.200	0.351
-39.500	-4.200	0.296
-39.400	-4.200	0.322
-39.300	-4.200	0.276
-39.200	-4.200	0.281
-39.100	-4.200	0.266
-39.000	-4.200	0.281
-38.900	-4.200	0.276
-38.800	-4.200	0.322
-38.700	-4.200	0.297
-38.600	-4.200	0.352
-38.500	-4.200	0.311
-38.400	-4.200	0.362
-38.300	-4.200	0.308
-38.200	-4.200	0.343
-38.100	-4.200	0.283
-41.100	-4.300	0.080
-41.000	-4.300	0.087
-40.900	-4.300	0.095
-40.800	-4.300	0.111
-40.700	-4.300	0.125
-40.600	-4.300	0.149
-40.500	-4.300	0.168
-40.400	-4.300	0.190
-40.300	-4.300	0.207
-40.200	-4.300	0.248
-40.100	-4.300	0.261
-40.000	-4.300	0.283
-39.900	-4.300	0.284
-39.800	-4.300	0.297
-39.700	-4.300	0.288
-39.600	-4.300	0.291
-39.500	-4.300	0.277
-39.400	-4.300	0.275
-39.300	-4.300	0.262
-39.200	-4.300	0.263
-39.100	-4.300	0.258
-39.000	-4.300	0.269
-38.900	-4.300	0.272
-38.800	-4.300	0.291
-38.700	-4.300	0.295
-38.600	-4.300	0.313
-38.500	-4.300	0.310
-38.400	-4.300	0.321
-38.300	-4.300	0.308
-38.200	-4.300	0.307
-38.100	-4.300	0.284
-38.000	-4.300	0.271
-41.100	-4.400	0.074
-41.000	-4.400	0.085
-40.900	-4.400	0.092
-40.800	-4.400	0.107
-40.700	-4.400	0.120
-40.600	-4.400	0.134
-40.500	-4.400	0.160
-40.400	-4.400	0.182
-40.300	-4.400	0.198
-40.200	-4.400	0.242
-40.100	-4.400	0.249
-40.000	-4.400	0.278
-39.900	-4.400	0.272
-39.800	-4.400	0.293
-39.700	-4.400	0.277
-39.600	-4.400	0.288
-39.500	-4.400	0.267
-39.400	-4.400	0.273
-39.300	-4.400	0.256
-39.200	-4.400	0.265
-39.100	-4.400	0.258
-39.000	-4.400	0.278
-38.900	-4.400	0.278
-38.800	-4.400	0.330
-38.700	-4.400	0.305
-38.600	-4.400	0.366
-38.500	-4.400	0.323
-38.400	-4.400	0.379
-38.300	-4.400	0.320
-38.200	-4.400	0.360
-38.100	-4.400	0.295
-38.000	-4.400	0.291
-37.900	-4.400	0.252
-37.800	-4.400	0.235
-41.100	-4.500	0.073
-41.000	-4.500	0.082
-40.900	-4.500	0.089
-40.800	-4.500	0.097
-40.700	-4.500	0.113
-40.600	-4.500	0.126
-40.500	-4.500	0.139
-40.400	-4.500	0.166
-40.300	-4.500	0.181
-40.200	-4.500	0.198
-40.100	-4.500	0.209
-40.000	-4.500	0.240
-39.900	-4.500	0.243
-39.800	-4.500	0.254
-39.700	-4.500	0.248
-39.600	-4.500	0.252
-39.500	-4.500	0.242
-39.400	-4.500	0.243
-39.300	-4.500	0.236
-39.200	-4.500	0.242
-39.100	-4.500	0.243
-39.000	-4.500	0.258
-38.900	-4.500	0.265
-38.800	-4.500	0.286
-38.700	-4.500	0.292
-38.600	-4.500	0.312
-38.500	-4.500	0.310
-38.400	-4.500	0.321
-38.300	-4.500	0.308
-38.200	-4.500	0.307
-38.100	-4.500	0.284
-38.000	-4.500	0.273
-37.900	-4.500	0.244
-37.800	-4.500	0.210
-41.200	-4.600	0.067
-41.100	-4.600	0.071
-41.000	-4.600	0.080
-40.900	-4.600	0.086
-40.800	-4.600	0.093
-40.700	-4.600	0.101
-40.600	-4.600	0.119
-40.500	-4.600	0.130
-40.400	-4.600	0.153
-40.300	-4.600	0.166
-40.200	-4.600	0.184
-40.100	-4.600	0.192
-40.000	-4.600	0.224
-39.900	-4.600	0.223
-39.800	-4.600	0.237
-39.700	-4.600	0.229
-39.600	-4.600	0.237
-39.500	-4.600	0.211
-39.400	-4.600	0.231
-39.300	-4.600	0.210
-39.200	-4.600	0.234
-39.100	-4.600	0.235
-39.000	-4.600	0.257
-38.900	-4.600	0.261
-38.800	-4.600	0.291
-38.700	-4.600	0.291
-38.600	-4.600	0.348
-38.500	-4.600	0.310
-38.400	-4.600	0.361
-38.300	-4.600	0.308
-38.200	-4.600	0.344
-38.100	-4.600	0.285
-38.000	-4.600	0.280
-37.900	-4.600	0.244
-37.800	-4.600	0.228
-37.700	-4.600	0.188
-41.200	-4.700	0.065
-41.100	-4.700	0.069
-41.000	-4.700	0.073
-40.900	-4.700	0.083
-40.800	-4.700	0.089
-40.700	-4.700	0.096
-40.600	-4.700	0.110
-40.500	-4.700	0.120
-40.400	-4.700	0.131
-40.300	-4.700	0.141
-40.200	-4.700	0.162
-40.100	-4.700	0.171
-40.000	-4.700	0.181
-39.900	-4.700	0.185
-39.800	-4.700	0.191
-39.700	-4.700	0.191
-39.600	-4.700	0.193
-39.500	-4.700	0.191
-39.400	-4.700	0.193
-39.300	-4.700	0.193
-39.200	-4.700	0.199
-39.100	-4.700	0.205
-39.000	-4.700	0.231
-38.900	-4.700	0.242
-38.800	-4.700	0.262
-38.700	-4.700	0.270
-38.600	-4.700	0.288
-38.500	-4.700	0.287
-38.400	-4.700	0.297
-38.300	-4.700	0.286
-38.200	-4.700	0.285
-38.100	-4.700	0.265
-38.000	-4.700	0.254
-37.900	-4.700	0.216
-37.800	-4.700	0.201
-37.700	-4.700	0.182
-37.600	-4.700	0.167
-37.500	-4.700	0.146
-37.400	-4.700	0.137
-41.200	-4.800	0.063
-41.100	-4.800	0.067
-41.000	-4.800	0.071
-40.900	-4.800	0.075
-40.800	-4.800	0.085
-40.700	-4.800	0.091
-40.600	-4.800	0.098
-40.500	-4.800	0.111
-40.400	-4.800	0.120
-40.300	-4.800	0.129
-40.200	-4.800	0.137
-40.100	-4.800	0.153
-40.000	-4.800	0.163
-39.900	-4.800	0.166
-39.800	-4.800	0.173
-39.700	-4.800	0.173
-39.600	-4.800	0.176
-39.500	-4.800	0.175
-39.400	-4.800	0.178
-39.300	-4.800	0.180
-39.200	-4.800	0.187
-39.100	-4.800	0.193
-39.000	-4.800	0.221
-38.900	-4.800	0.229
-38.800	-4.800	0.255
-38.700	-4.800	0.258
-38.600	-4.800	0.283
-38.500	-4.800	0.276
-38.400	-4.800	0.294
-38.300	-4.800	0.276
-38.200	-4.800	0.282
-38.100	-4.800	0.256
-38.000	-4.800	0.251
-37.900	-4.800	0.210
-37.800	-4.800	0.197
-37.700	-4.800	0.179
-37.600	-4.800	0.166
-37.500	-4.800	0.147
-37.400	-4.800	0.139
-37.300	-4.800	0.132
-41.200	-4.900	0.061
-41.100	-4.900	0.065
-41.000	-4.900	0.069
-40.900	-4.900	0.073
-40.800	-4.900	0.081
-40.700	-4.900	0.086
-40.600	-4.900	0.092
-40.500	-4.900	0.098
-40.400	-4.900	0.104
-40.300	-4.900	0.117
-40.200	-4.900	0.124
-40.100	-4.900	0.130
-40.000	-4.900	0.136
-39.900	-4.900	0.140
-39.800	-4.900	0.143
-39.700	-4.900	0.145
-39.600	-4.900	0.148
-39.500	-4.900	0.149
-39.400	-4.900	0.152
-39.300	-4.900	0.155
-39.200	-4.900	0.170
-39.100	-4.900	0.177
-39.000	-4.900	0.189
-38.900	-4.900	0.198
-38.800	-4.900	0.211
-38.700	-4.900	0.218
-38.600	-4.900	0.247
-38.500	-4.900	0.248
-38.400	-4.900	0.257
-38.300	-4.900	0.249
-38.200	-4.900	0.248
-38.100	-4.900	0.219
-38.000	-4.900	0.212
-37.900	-4.900	0.198
-37.800	-4.900	0.188
-37.700	-4.900	0.174
-37.600	-4.900	0.156
-37.500	-4.900	0.148
-37.400	-4.900	0.141
-37.300	-4.900	0.136
-41.100	-5.000	0.063
-41.000	-5.000	0.066
-40.900	-5.000	0.070
-40.800	-5.000	0.074
-40.700	-5.000	0.082
-40.600	-5.000	0.087
-40.500	-5.000	0.092
-40.400	-5.000	0.097
-40.300	-5.000	0.102
-40.200	-5.000	0.113
-40.100	-5.000	0.118
-40.000	-5.000	0.123
-39.900	-5.000	0.127
-39.800	-5.000	0.130
-39.700	-5.000	0.133
-39.600	-5.000	0.135
-39.500	-5.000	0.138
-39.400	-5.000	0.141
-39.300	-5.000	0.144
-39.200	-5.000	0.150
-39.100	-5.000	0.165
-39.000	-5.000	0.176
-38.900	-5.000	0.184
-38.800	-5.000	0.197
-38.700	-5.000	0.204
-38.600	-5.000	0.233
-38.500	-5.000	0.231
-38.400	-5.000	0.243
-38.300	-5.000	0.233
-38.200	-5.000	0.237
-38.100	-5.000	0.209
-38.000	-5.000	0.204
-37.900	-5.000	0.192
-37.800	-5.000	0.185
-37.700	-5.000	0.173
-37.600	-5.000	0.157
-37.500	-5.000	0.151
-37.400	-5.000	0.145
-37.300	-5.000	0.141
-37.200	-5.000	0.137
-37.100	-5.000	0.134
-37.000	-5.000	0.132
-36.900	-5.000	0.132
-41.000	-5.100	0.064
-40.900	-5.100	0.067
-40.800	-5.100	0.071
-40.700	-5.100	0.074
-40.600	-5.100	0.082
-40.500	-5.100	0.086
-40.400	-5.100	0.091
-40.300	-5.100	0.095
-40.200	-5.100	0.099
-40.100	-5.100	0.103
-40.000	-5.100	0.106
-39.900	-5.100	0.109
-39.800	-5.100	0.119
-39.700	-5.100	0.121
-39.600	-5.100	0.124
-39.500	-5.100	0.127
-39.400	-5.100	0.130
-39.300	-5.100	0.134
-39.200	-5.100	0.140
-39.100	-5.100	0.145
-39.000	-5.100	0.152
-38.900	-5.100	0.168
-38.800	-5.100	0.179
-38.700	-5.100	0.186
-38.600	-5.100	0.194
-38.500	-5.100	0.198
-38.400	-5.100	0.203
-38.300	-5.100	0.201
-38.200	-5.100	0.202
-38.100	-5.100	0.197
-38.000	-5.100	0.194
-37.900	-5.100	0.187
-37.800	-5.100	0.181
-37.700	-5.100	0.165
-37.600	-5.100	0.161
-37.500	-5.100	0.156
-37.400	-5.100	0.151
-37.300	-5.100	0.147
-37.200	-5.100	0.144
-37.100	-5.100	0.141
-37.000	-5.100	0.139
-36.900	-5.100	0.139
-36.800	-5.100	0.140
-36.700	-5.100	0.143
-36.600	-5.100	0.148
-36.500	-5.100	0.164
-36.400	-5.100	0.177
-36.300	-5.100	0.188
-36.200	-5.100	0.202
-36.100	-5.100	0.210
-36.000	-5.100	0.239
-35.900	-5.100	0.240
-35.800	-5.100	0.248
-40.900	-5.200	0.065
-40.800	-5.200	0.068
-40.700	-5.200	0.071
-40.600	-5.200	0.074
-40.500	-5.200	0.078
-40.400	-5.200	0.085
-40.300	-5.200	0.089
-40.200	-5.200	0.093
-40.100	-5.200	0.096
-40.000	-5.200	0.099
-39.900	-5.200	0.102
-39.800	-5.200	0.105
-39.700	-5.200	0.108
-39.600	-5.200	0.110
-39.500	-5.200	0.113
-39.400	-5.200	0.116
-39.300	-5.200	0.126
-39.200	-5.200	0.131
-39.100	-5.200	0.137
-39.000	-5.200	0.143
-38.900	-5.200	0.149
-38.800	-5.200	0.166
-38.700	-5.200	0.172
-38.600	-5.200	0.181
-38.500	-5.200	0.185
-38.400	-5.200	0.191
-38.300	-5.200	0.191
-38.200	-5.200	0.195
-38.100	-5.200	0.192
-38.000	-5.200	0.192
-37.900	-5.200	0.188
-37.800	-5.200	0.186
-37.700	-5.200	0.181
-37.600	-5.200	0.178
-37.500	-5.200	0.164
-37.400	-5.200	0.160
-37.300	-5.200	0.156
-37.200	-5.200	0.153
-37.100	-5.200	0.150
-37.000	-5.200	0.148
-36.900	-5.200	0.147
-36.800	-5.200	0.148
-36.700	-5.200	0.152
-36.600	-5.200	0.168
-36.500	-5.200	0.177
-36.400	-5.200	0.194
-36.300	-5.200	0.205
-36.200	-5.200	0.246
-36.100	-5.200	0.251
-36.000	-5.200	0.277
-35.900	-5.200	0.271
-35.800	-5.200	0.288
-35.700	-5.200	0.270
-35.600	-5.200	0.276
-35.500	-5.200	0.248
-40.900	-5.300	0.062
-40.800	-5.300	0.065
-40.700	-5.300	0.068
-40.600	-5.300	0.071
-40.500	-5.300	0.074
-40.400	-5.300	0.077
-40.300	-5.300	0.080
-40.200	-5.300	0.087
-40.100	-5.300	0.090
-40.000	-5.300	0.093
-39.900	-5.300	0.096
-39.800	-5.300	0.099
-39.700	-5.300	0.102
-39.600	-5.300	0.105
-39.500	-5.300	0.108
-39.400	-5.300	0.111
-39.300	-5.300	0.114
-39.200	-5.300	0.118
-39.100	-5.300	0.129
-39.000	-5.300	0.135
-38.900	-5.300	0.141
-38.800	-5.300	0.148
-38.700	-5.300	0.153
-38.600	-5.300	0.159
-38.500	-5.300	0.174
-38.400	-5.300	0.180
-38.300	-5.300	0.184
-38.200	-5.300	0.188
-38.100	-5.300	0.190
-38.000	-5.300	0.193
-37.900	-5.300	0.193
-37.800	-5.300	0.194
-37.700	-5.300	0.192
-37.600	-5.300	0.190
-37.500	-5.300	0.186
-37.400	-5.300	0.183
-37.300	-5.300	0.168
-37.200	-5.300	0.164
-37.100	-5.300	0.160
-37.000	-5.300	0.157
-36.900	-5.300	0.156
-36.800	-5.300	0.157
-36.700	-5.300	0.159
-36.600	-5.300	0.176
-36.500	-5.300	0.187
-36.400	-5.300	0.202
-36.300	-5.300	0.215
-36.200	-5.300	0.253
-36.100	-5.300	0.263
-36.000	-5.300	0.282
-35.900	-5.300	0.282
-35.800	-5.300	0.293
-35.700	-5.300	0.282
-35.600	-5.300	0.281
-35.500	-5.300	0.259
-35.400	-5.300	0.247
-40.900	-5.400	0.060
-40.800	-5.400	0.063
-40.700	-5.400	0.065
-40.600	-5.400	0.068
-40.500	-5.400	0.071
-40.400	-5.400	0.074
-40.300	-5.400	0.076
-40.200	-5.400	0.079
-40.100	-5.400	0.082
-40.000	-5.400	0.088
-39.900	-5.400	0.091
-39.800	-5.400	0.094
-39.700	-5.400	0.097
-39.600	-5.400	0.100
-39.500	-5.400	0.103
-39.400	-5.400	0.106
-39.300	-5.400	0.110
-39.200	-5.400	0.114
-39.100	-5.400	0.118
-39.000	-5.400	0.129
-38.900	-5.400	0.135
-38.800	-5.400	0.142
-38.700	-5.400	0.148
-38.600	-5.400	0.154
-38.500	-5.400	0.161
-38.400	-5.400	0.177
-38.300	-5.400	0.183
-38.200	-5.400	0.192
-38.100	-5.400	0.196
-38.000	-5.400	0.204
-37.900	-5.400	0.206
-37.800	-5.400	0.211
-37.700	-5.400	0.210
-37.600	-5.400	0.212
-37.500	-5.400	0.207
-37.400	-5.400	0.204
-37.300	-5.400	0.197
-37.200	-5.400	0.191
-37.100	-5.400	0.184
-37.000	-5.400	0.179
-36.900	-5.400	0.175
-36.800	-5.400	0.176
-36.700	-5.400	0.179
-36.600	-5.400	0.188
-36.500	-5.400	0.198
-36.400	-5.400	0.234
-36.300	-5.400	0.247
-36.200	-5.400	0.281
-36.100	-5.400	0.285
-36.000	-5.400	0.342
-35.900	-5.400	0.306
-35.800	-5.400	0.358
-35.700	-5.400	0.306
-35.600	-5.400	0.341
-35.500	-5.400	0.281
-35.400	-5.400	0.276
-40.900	-5.500	0.055
-40.800	-5.500	0.060
-40.700	-5.500	0.063
-40.600	-5.500	0.065
-40.500	-5.500	0.068
-40.400	-5.500	0.071
-40.300	-5.500	0.073
-40.200	-5.500	0.076
-40.100	-5.500	0.078
-40.000	-5.500	0.081
-39.900	-5.500	0.083
-39.800	-5.500	0.090
-39.700	-5.500	0.093
-39.600	-5.500	0.096
-39.500	-5.500	0.099
-39.400	-5.500	0.103
-39.300	-5.500	0.106
-39.200	-5.500	0.110
-39.100	-5.500	0.115
-39.000	-5.500	0.119
-38.900	-5.500	0.131
-38.800	-5.500	0.138
-38.700	-5.500	0.144
-38.600	-5.500	0.152
-38.500	-5.500	0.159
-38.400	-5.500	0.177
-38.300	-5.500	0.187
-38.200	-5.500	0.198
-38.100	-5.500	0.207
-38.000	-5.500	0.217
-37.900	-5.500	0.223
-37.800	-5.500	0.246
-37.700	-5.500	0.231
-37.600	-5.500	0.250
-37.500	-5.500	0.230
-37.400	-5.500	0.241
-37.300	-5.500	0.218
-37.200	-5.500	0.211
-37.100	-5.500	0.201
-37.000	-5.500	0.195
-36.900	-5.500	0.188
-36.800	-5.500	0.186
-36.700	-5.500	0.187
-36.600	-5.500	0.195
-36.500	-5.500	0.204
-36.400	-5.500	0.234
-36.300	-5.500	0.250
-36.200	-5.500	0.275
-36.100	-5.500	0.285
-36.000	-5.500	0.307
-35.900	-5.500	0.306
-35.800	-5.500	0.318
-35.700	-5.500	0.305
-35.600	-5.500	0.305
-35.500	-5.500	0.281
-35.400	-5.500	0.269
-35.300	-5.500	0.239
-40.900	-5.600	0.053
-40.800	-5.600	0.055
-40.700	-5.600	0.060
-40.600	-5.600	0.063
-40.500	-5.600	0.065
-40.400	-5.600	0.068
-40.300	-5.600	0.070
-40.200	-5.600	0.073
-40.100	-5.600	0.075
-40.000	-5.600	0.078
-39.900	-5.600	0.080
-39.800	-5.600	0.083
-39.700	-5.600	0.086
-39.600	-5.600	0.093
-39.500	-5.600	0.096
-39.400	-5.600	0.100
-39.300	-5.600	0.104
-39.200	-5.600	0.108
-39.100	-5.600	0.113
-39.000	-5.600	0.117
-38.900	-5.600	0.123
-38.800	-5.600	0.136
-38.700	-5.600	0.144
-38.600	-5.600	0.153
-38.500	-5.600	0.162
-38.400	-5.600	0.184
-38.300	-5.600	0.197
-38.200	-5.600	0.214
-38.100	-5.600	0.225
-38.000	-5.600	0.262
-37.900	-5.600	0.268
-37.800	-5.600	0.289
-37.700	-5.600	0.284
-37.600	-5.600	0.298
-37.500	-5.600	0.283
-37.400	-5.600	0.287
-37.300	-5.600	0.265
-37.200	-5.600	0.260
-37.100	-5.600	0.224
-37.000	-5.600	0.216
-36.900	-5.600	0.204
-36.800	-5.600	0.200
-36.700	-5.600	0.198
-36.600	-5.600	0.205
-36.500	-5.600	0.212
-36.400	-5.600	0.249
-36.300	-5.600	0.260
-36.200	-5.600	0.295
-36.100	-5.600	0.297
-36.000	-5.600	0.360
-35.900	-5.600	0.319
-35.800	-5.600	0.376
-35.700	-5.600	0.318
-35.600	-5.600	0.358
-35.500	-5.600	0.293
-35.400	-5.600	0.288
-35.300	-5.600	0.249
-40.900	-5.700	0.051
-40.800	-5.700	0.053
-40.700	-5.700	0.055
-40.600	-5.700	0.060
-40.500	-5.700	0.063
-40.400	-5.700	0.065
-40.300	-5.700	0.068
-40.200	-5.700	0.070
-40.100	-5.700	0.073
-40.000	-5.700	0.075
-39.900	-5.700	0.078
-39.800	-5.700	0.081
-39.700	-5.700	0.083
-39.600	-5.700	0.086
-39.500	-5.700	0.094
-39.400	-5.700	0.097
-39.300	-5.700	0.102
-39.200	-5.700	0.106
-39.100	-5.700	0.111
-39.000	-5.700	0.116
-38.900	-5.700	0.122
-38.800	-5.700	0.136
-38.700	-5.700	0.145
-38.600	-5.700	0.155
-38.500	-5.700	0.176
-38.400	-5.700	0.193
-38.300	-5.700	0.209
-38.200	-5.700	0.243
-38.100	-5.700	0.260
-38.000	-5.700	0.285
-37.900	-5.700	0.296
-37.800	-5.700	0.315
-37.700	-5.700	0.315
-37.600	-5.700	0.326
-37.500	-5.700	0.315
-37.400	-5.700	0.314
-37.300	-5.700	0.295
-37.200	-5.700	0.285
-37.100	-5.700	0.262
-37.000	-5.700	0.248
-36.900	-5.700	0.219
-36.800	-5.700	0.211
-36.700	-5.700	0.205
-36.600	-5.700	0.208
-36.500	-5.700	0.213
-36.400	-5.700	0.241
-36.300	-5.700	0.254
-36.200	-5.700	0.278
-36.100	-5.700	0.287
-36.000	-5.700	0.308
-35.900	-5.700	0.307
-35.800	-5.700	0.318
-35.700	-5.700	0.305
-35.600	-5.700	0.305
-35.500	-5.700	0.282
-35.400	-5.700	0.269
-35.300	-5.700	0.239
-35.200	-5.700	0.204
-40.900	-5.800	0.050
-40.800	-5.800	0.051
-40.700	-5.800	0.053
-40.600	-5.800	0.055
-40.500	-5.800	0.060
-40.400	-5.800	0.063
-40.300	-5.800	0.065
-40.200	-5.800	0.068
-40.100	-5.800	0.070
-40.000	-5.800	0.073
-39.900	-5.800	0.076
-39.800	-5.800	0.078
-39.700	-5.800	0.081
-39.600	-5.800	0.085
-39.500	-5.800	0.088
-39.400	-5.800	0.096
-39.300	-5.800	0.100
-39.200	-5.800	0.105
-39.100	-5.800	0.110
-39.000	-5.800	0.116
-38.900	-5.800	0.122
-38.800	-5.800	0.137
-38.700	-5.800	0.148
-38.600	-5.800	0.160
-38.500	-5.800	0.186
-38.400	-5.800	0.208
-38.300	-5.800	0.241
-38.200	-5.800	0.277
-38.100	-5.800	0.294
-38.000	-5.800	0.359
-37.900	-5.800	0.337
-37.800	-5.800	0.408
-37.700	-5.800	0.387
-37.600	-5.800	0.425
-37.500	-5.800	0.387
-37.400	-5.800	0.408
-37.300	-5.800	0.338
-37.200	-5.800	0.360
-37.100	-5.800	0.297
-37.000	-5.800	0.284
-36.900	-5.800	0.254
-36.800	-5.800	0.243
-36.700	-5.800	0.216
-36.600	-5.800	0.230
-36.500	-5.800	0.217
-36.400	-5.800	0.249
-36.300	-5.800	0.256
-36.200	-5.800	0.286
-36.100	-5.800	0.288
-36.000	-5.800	0.344
-35.900	-5.800	0.308
-35.800	-5.800	0.359
-35.700	-5.800	0.306
-35.600	-5.800	0.341
-35.500	-5.800	0.282
-35.400	-5.800	0.276
-35.300	-5.800	0.238
-35.200	-5.800	0.221
-40.800	-5.900	0.050
-40.700	-5.900	0.052
-40.600	-5.900	0.054
-40.500	-5.900	0.056
-40.400	-5.900	0.058
-40.300	-5.900	0.063
-40.200	-5.900	0.065
-40.100	-5.900	0.068
-40.000	-5.900	0.071
-39.900	-5.900	0.073
-39.800	-5.900	0.076
-39.700	-5.900	0.080
-39.600	-5.900	0.083
-39.500	-5.900	0.086
-39.400	-5.900	0.094
-39.300	-5.900	0.099
-39.200	-5.900	0.104
-39.100	-5.900	0.109
-39.000	-5.900	0.116
-38.900	-5.900	0.123
-38.800	-5.900	0.139
-38.700	-5.900	0.151
-38.600	-5.900	0.175
-38.500	-5.900	0.195
-38.400	-5.900	0.218
-38.300	-5.900	0.258
-38.200	-5.900	0.293
-38.100	-5.900	0.316
-38.000	-5.900	0.372
-37.900	-5.900	0.385
-37.800	-5.900	0.419
-37.700	-5.900	0.416
-37.600	-5.900	0.436
-37.500	-5.900	0.416
-37.400	-5.900	0.419
-37.300	-5.900	0.386
-37.200	-5.900	0.374
-37.100	-5.900	0.319
-37.000	-5.900	0.299
-36.900	-5.900	0.269
-36.800	-5.900	0.251
-36.700	-5.900	0.222
-36.600	-5.900	0.216
-36.500	-5.900	0.215
-36.400	-5.900	0.235
-36.300	-5.900	0.243
-36.200	-5.900	0.261
-36.100	-5.900	0.268
-36.000	-5.900	0.286
-35.900	-5.900	0.285
-35.800	-5.900	0.294
-35.700	-5.900	0.283
-35.600	-5.900	0.282
-35.500	-5.900	0.261
-35.400	-5.900	0.248
-35.300	-5.900	0.208
-35.200	-5.900	0.190
-40.800	-6.000	0.048
-40.700	-6.000	0.050
-40.600	-6.000	0.052
-40.500	-6.000	0.054
-40.400	-6.000	0.056
-40.300	-6.000	0.058
-40.200	-6.000	0.063
-40.100	-6.000	0.066
-40.000	-6.000	0.069
-39.900	-6.000	0.072
-39.800	-6.000	0.075
-39.700	-6.000	0.078
-39.600	-6.000	0.081
-39.500	-6.000	0.085
-39.400	-6.000	0.089
-39.300	-6.000	0.098
-39.200	-6.000	0.103
-39.100	-6.000	0.109
-39.000	-6.000	0.116
-38.900	-6.000	0.130
-38.800	-6.000	0.142
-38.700	-6.000	0.155
-38.600	-6.000	0.184
-38.500	-6.000	0.206
-38.400	-6.000	0.256
-38.300	-6.000	0.283
-38.200	-6.000	0.358
-38.100	-6.000	0.373
-38.000	-6.000	0.444
-37.900	-6.000	0.437
-37.800	-6.000	0.503
-37.700	-6.000	0.472
-37.600	-6.000	0.561
-37.500	-6.000	0.472
-37.400	-6.000	0.503
-37.300	-6.000	0.437
-37.200	-6.000	0.446
-37.100	-6.000	0.376
-37.000	-6.000	0.364
-36.900	-6.000	0.293
-36.800	-6.000	0.275
-36.700	-6.000	0.245
-36.600	-6.000	0.237
-36.500	-6.000	0.215
-36.400	-6.000	0.235
-36.300	-6.000	0.237
-36.200	-6.000	0.257
-36.100	-6.000	0.259
-36.000	-6.000	0.282
-35.900	-6.000	0.274
-35.800	-6.000	0.290
-35.700	-6.000	0.271
-35.600	-6.000	0.277
-35.500	-6.000	0.249
-35.400	-6.000	0.242
-35.300	-6.000	0.198
-35.200	-6.000	0.182
-40.800	-6.100	0.047
-40.700	-6.100	0.049
-40.600	-6.100	0.051
-40.500	-6.100	0.053
-40.400	-6.100	0.055
-40.300	-6.100	0.057
-40.200	-6.100	0.059
-40.100	-6.100	0.064
-40.000	-6.100	0.067
-39.900	-6.100	0.070
-39.800	-6.100	0.073
-39.700	-6.100	0.076
-39.600	-6.100	0.080
-39.500	-6.100	0.084
-39.400	-6.100	0.088
-39.300	-6.100	0.097
-39.200	-6.100	0.102
-39.100	-6.100	0.109
-39.000	-6.100	0.116
-38.900	-6.100	0.131
-38.800	-6.100	0.144
-38.700	-6.100	0.158
-38.600	-6.100	0.189
-38.500	-6.100	0.213
-38.400	-6.100	0.262
-38.300	-6.100	0.294
-38.200	-6.100	0.336
-38.100	-6.100	0.385
-38.000	-6.100	0.435
-37.900	-6.100	0.449
-37.800	-6.100	0.489
-37.700	-6.100	0.484
-37.600	-6.100	0.508
-37.500	-6.100	0.484
-37.400	-6.100	0.490
-37.300	-6.100	0.450
-37.200	-6.100	0.437
-37.100	-6.100	0.388
-37.000	-6.100	0.340
-36.900	-6.100	0.302
-36.800	-6.100	0.276
-36.700	-6.100	0.248
-36.600	-6.100	0.220
-36.500	-6.100	0.211
-36.400	-6.100	0.209
-36.300	-6.100	0.210
-36.200	-6.100	0.216
-36.100	-6.100	0.234
-36.000	-6.100	0.246
-35.900	-6.100	0.245
-35.800	-6.100	0.252
-35.700	-6.100	0.242
-35.600	-6.100	0.239
-35.500	-6.100	0.209
-35.400	-6.100	0.198
-35.300	-6.100	0.181
-35.200	-6.100	0.166
-35.100	-6.100	0.139
-40.800	-6.200	0.046
-40.700	-6.200	0.047
-40.600	-6.200	0.049
-40.500	-6.200	0.051
-40.400	-6.200	0.053
-40.300	-6.200	0.055
-40.200	-6.200	0.057
-40.100	-6.200	0.063
-40.000	-6.200	0.065
-39.900	-6.200	0.068
-39.800	-6.200	0.072
-39.700	-6.200	0.075
-39.600	-6.200	0.079
-39.500	-6.200	0.083
-39.400	-6.200	0.087
-39.300	-6.200	0.096
-39.200	-6.200	0.102
-39.100	-6.200	0.108
-39.000	-6.200	0.116
-38.900	-6.200	0.132
-38.800	-6.200	0.146
-38.700	-6.200	0.171
-38.600	-6.200	0.197
-38.500	-6.200	0.237
-38.400	-6.200	0.285
-38.300	-6.200	0.314
-38.200	-6.200	0.408
-38.100	-6.200	0.421
-38.000	-6.200	0.503
-37.900	-6.200	0.491
-37.800	-6.200	0.614
-37.700	-6.200	0.529
-37.600	-6.200	0.641
-37.500	-6.200	0.529
-37.400	-6.200	0.614
-37.300	-6.200	0.491
-37.200	-6.200	0.504
-37.100	-6.200	0.423
-37.000	-6.200	0.412
-36.900	-6.200	0.321
-36.800	-6.200	0.297
-36.700	-6.200	0.257
-36.600	-6.200	0.239
-36.500	-6.200	0.209
-36.400	-6.200	0.204
-36.300	-6.200	0.201
-36.200	-6.200	0.206
-36.100	-6.200	0.206
-36.000	-6.200	0.231
-35.900	-6.200	0.226
-35.800	-6.200	0.235
-35.700	-6.200	0.208
-35.600	-6.200	0.223
-35.500	-6.200	0.192
-35.400	-6.200	0.184
-35.300	-6.200	0.167
-35.200	-6.200	0.153
-35.100	-6.200	0.130
-40.700	-6.300	0.046
-40.600	-6.300	0.048
-40.500	-6.300	0.050
-40.400	-6.300	0.052
-40.300	-6.300	0.054
-40.200	-6.300	0.056
-40.100	-6.300	0.058
-40.000	-6.300	0.064
-39.900	-6.300	0.067
-39.800	-6.300	0.070
-39.700	-6.300	0.074
-39.600	-6.300	0.077
-39.500	-6.300	0.081
-39.400	-6.300	0.086
-39.300	-6.300	0.095
-39.200	-6.300	0.101
-39.100	-6.300	0.108
-39.000	-6.300	0.116
-38.900	-6.300	0.132
-38.800	-6.300	0.146
-38.700	-6.300	0.172
-38.600	-6.300	0.198
-38.500	-6.300	0.225
-38.400	-6.300	0.280
-38.300	-6.300	0.315
-38.200	-6.300	0.386
-38.100	-6.300	0.416
-38.000	-6.300	0.471
-37.900	-6.300	0.484
-37.800	-6.300	0.527
-37.700	-6.300	0.520
-37.600	-6.300	0.547
-37.500	-6.300	0.521
-37.400	-6.300	0.528
-37.300	-6.300	0.484
-37.200	-6.300	0.471
-37.100	-6.300	0.418
-37.000	-6.300	0.389
-36.900	-6.300	0.320
-36.800	-6.300	0.289
-36.700	-6.300	0.254
-36.600	-6.300	0.219
-36.500	-6.300	0.203
-36.400	-6.300	0.194
-36.300	-6.300	0.189
-36.200	-6.300	0.189
-36.100	-6.300	0.188
-36.000	-6.300	0.191
-35.900	-6.300	0.190
-35.800	-6.300	0.191
-35.700	-6.300	0.185
-35.600	-6.300	0.181
-35.500	-6.300	0.171
-35.400	-6.300	0.162
-35.300	-6.300	0.141
-35.200	-6.300	0.131
-35.100	-6.300	0.120
-40.800	-6.400	0.043
-40.700	-6.400	0.045
-40.600	-6.400	0.047
-40.500	-6.400	0.049
-40.400	-6.400	0.051
-40.300	-6.400	0.053
-40.200	-6.400	0.055
-40.100	-6.400	0.057
-40.000	-6.400	0.062
-39.900	-6.400	0.066
-39.800	-6.400	0.069
-39.700	-6.400	0.072
-39.600	-6.400	0.076
-39.500	-6.400	0.080
-39.400	-6.400	0.085
-39.300	-6.400	0.094
-39.200	-6.400	0.100
-39.100	-6.400	0.107
-39.000	-6.400	0.115
-38.900	-6.400	0.132
-38.800	-6.400	0.146
-38.700	-6.400	0.174
-38.600	-6.400	0.201
-38.500	-6.400	0.244
-38.400	-6.400	0.295
-38.300	-6.400	0.325
-38.200	-6.400	0.426
-38.100	-6.400	0.438
-38.000	-6.400	0.561
-37.900	-6.400	0.510
-37.800	-6.400	0.641
-37.700	-6.400	0.549
-37.600	-6.400	0.669
-37.500	-6.400	0.549
-37.400	-6.400	0.641
-37.300	-6.400	0.510
-37.200	-6.400	0.562
-37.100	-6.400	0.439
-37.000	-6.400	0.428
-36.900	-6.400	0.330
-36.800	-6.400	0.303
-36.700	-6.400	0.257
-36.600	-6.400	0.233
-36.500	-6.400	0.199
-36.400	-6.400	0.188
-36.300	-6.400	0.179
-36.200	-6.400	0.177
-36.100	-6.400	0.174
-36.000	-6.400	0.175
-35.900	-6.400	0.172
-35.800	-6.400	0.173
-35.700	-6.400	0.167
-35.600	-6.400	0.163
-35.500	-6.400	0.154
-35.400	-6.400	0.138
-35.300	-6.400	0.129
-35.200	-6.400	0.120
-35.100	-6.400	0.111
-35.000	-6.400	0.098
-40.700	-6.500	0.044
-40.600	-6.500	0.046
-40.500	-6.500	0.047
-40.400	-6.500	0.049
-40.300	-6.500	0.051
-40.200	-6.500	0.054
-40.100	-6.500	0.056
-40.000	-6.500	0.058
-39.900	-6.500	0.064
-39.800	-6.500	0.068
-39.700	-6.500	0.071
-39.600	-6.500	0.075
-39.500	-6.500	0.079
-39.400	-6.500	0.084
-39.300	-6.500	0.092
-39.200	-6.500	0.099
-39.100	-6.500	0.106
-39.000	-6.500	0.114
-38.900	-6.500	0.131
-38.800	-6.500	0.145
-38.700	-6.500	0.171
-38.600	-6.500	0.197
-38.500	-6.500	0.224
-38.400	-6.500	0.280
-38.300	-6.500	0.314
-38.200	-6.500	0.386
-38.100	-6.500	0.416
-38.000	-6.500	0.470
-37.900	-6.500	0.484
-37.800	-6.500	0.527
-37.700	-6.500	0.520
-37.600	-6.500	0.547
-37.500	-6.500	0.520
-37.400	-6.500	0.527
-37.300	-6.500	0.484
-37.200	-6.500	0.471
-37.100	-6.500	0.417
-37.000	-6.500	0.388
-36.900	-6.500	0.318
-36.800	-6.500	0.285
-36.700	-6.500	0.247
-36.600	-6.500	0.210
-36.500	-6.500	0.191
-36.400	-6.500	0.178
-36.300	-6.500	0.160
-36.200	-6.500	0.155
-36.100	-6.500	0.152
-36.000	-6.500	0.150
-35.900	-6.500	0.147
-35.800	-6.500	0.145
-35.700	-6.500	0.141
-35.600	-6.500	0.137
-35.500	-6.500	0.131
-35.400	-6.500	0.125
-35.300	-6.500	0.118
-35.200	-6.500	0.104
-35.100	-6.500	0.098
-35.000	-6.500	0.092
-40.700	-6.600	0.043
-40.600	-6.600	0.045
-40.500	-6.600	0.046
-40.400	-6.600	0.048
-40.300	-6.600	0.050
-40.200	-6.600	0.053
-40.100	-6.600	0.055
-40.000	-6.600	0.057
-39.900	-6.600	0.063
-39.800	-6.600	0.066
-39.700	-6.600	0.070
-39.600	-6.600	0.074
-39.500	-6.600	0.078
-39.400	-6.600	0.082
-39.300	-6.600	0.091
-39.200	-6.600	0.097
-39.100	-6.600	0.104
-39.000	-6.600	0.112
-38.900	-6.600	0.129
-38.800	-6.600	0.143
-38.700	-6.600	0.168
-38.600	-6.600	0.195
-38.500	-6.600	0.235
-38.400	-6.600	0.284
-38.300	-6.600	0.313
-38.200	-6.600	0.407
-38.100	-6.600	0.420
-38.000	-6.600	0.503
-37.900	-6.600	0.491
-37.800	-6.600	0.613
-37.700	-6.600	0.529
-37.600	-6.600	0.641
-37.500	-6.600	0.529
-37.400	-6.600	0.613
-37.300	-6.600	0.491
-37.200	-6.600	0.504
-37.100	-6.600	0.421
-37.000	-6.600	0.409
-36.900	-6.600	0.316
-36.800	-6.600	0.288
-36.700	-6.600	0.243
-36.600	-6.600	0.206
-36.500	-6.600	0.184
-36.400	-6.600	0.170
-36.300	-6.600	0.153
-36.200	-6.600	0.147
-36.100	-6.600	0.142
-36.000	-6.600	0.139
-35.900	-6.600	0.136
-35.800	-6.600	0.133
-35.700	-6.600	0.129
-35.600	-6.600	0.125
-35.500	-6.600	0.119
-35.400	-6.600	0.114
-35.300	-6.600	0.102
-35.200	-6.600	0.097
-35.100	-6.600	0.092
-35.000	-6.600	0.087
-40.600	-6.700	0.044
-40.500	-6.700	0.045
-40.400	-6.700	0.047
-40.300	-6.700	0.049
-40.200	-6.700	0.051
-40.100	-6.700	0.054
-40.000	-6.700	0.056
-39.900	-6.700	0.059
-39.800	-6.700	0.065
-39.700	-6.700	0.069
-39.600	-6.700	0.072
-39.500	-6.700	0.077
-39.400	-6.700	0.081
-39.300	-6.700	0.086
-39.200	-6.700	0.096
-39.100	-6.700	0.103
-39.000	-6.700	0.110
-38.900	-6.700	0.126
-38.800	-6.700	0.139
-38.700	-6.700	0.154
-38.600	-6.700	0.186
-38.500	-6.700	0.211
-38.400	-6.700	0.260
-38.300	-6.700	0.292
-38.200	-6.700	0.335
-38.100	-6.700	0.385
-38.000	-6.700	0.435
-37.900	-6.700	0.448
-37.800	-6.700	0.489
-37.700	-6.700	0.483
-37.600	-6.700	0.508
-37.500	-6.700	0.483
-37.400	-6.700	0.489
-37.300	-6.700	0.449
-37.200	-6.700	0.435
-37.100	-6.700	0.385
-37.000	-6.700	0.336
-36.900	-6.700	0.295
-36.800	-6.700	0.264
-36.700	-6.700	0.217
-36.600	-6.700	0.195
-36.500	-6.700	0.175
-36.400	-6.700	0.154
-36.300	-6.700	0.145
-36.200	-6.700	0.138
-36.100	-6.700	0.133
-36.000	-6.700	0.129
-35.900	-6.700	0.125
-35.800	-6.700	0.122
-35.700	-6.700	0.112
-35.600	-6.700	0.108
-35.500	-6.700	0.104
-35.400	-6.700	0.100
-35.300	-6.700	0.096
-35.200	-6.700	0.091
-35.100	-6.700	0.087
-35.000	-6.700	0.082
-40.400	-6.800	0.046
-40.300	-6.800	0.048
-40.200	-6.800	0.050
-40.100	-6.800	0.053
-40.000	-6.800	0.055
-39.900	-6.800	0.058
-39.800	-6.800	0.064
-39.700	-6.800	0.067
-39.600	-6.800	0.071
-39.500	-6.800	0.075
-39.400	-6.800	0.080
-39.300	-6.800	0.084
-39.200	-6.800	0.094
-39.100	-6.800	0.100
-39.000	-6.800	0.108
-38.900	-6.800	0.116
-38.800	-6.800	0.135
-38.700	-6.800	0.149
-38.600	-6.800	0.179
-38.500	-6.800	0.202
-38.400	-6.800	0.253
-38.300	-6.800	0.280
-38.200	-6.800	0.356
-38.100	-6.800	0.372
-38.000	-6.800	0.443
-37.900	-6.800	0.436
-37.800	-6.800	0.502
-37.700	-6.800	0.471
-37.600	-6.800	0.560
-37.500	-6.800	0.471
-37.400	-6.800	0.502
-37.300	-6.800	0.436
-37.200	-6.800	0.443
-37.100	-6.800	0.372
-37.000	-6.800	0.357
-36.900	-6.800	0.283
-36.800	-6.800	0.256
-36.700	-6.800	0.207
-36.600	-6.800	0.186
-36.500	-6.800	0.159
-36.400	-6.800	0.147
-36.300	-6.800	0.138
-36.200	-6.800	0.131
-36.100	-6.800	0.119
-36.000	-6.800	0.115
-35.900	-6.800	0.112
-35.800	-6.800	0.108
-35.700	-6.800	0.105
-35.600	-6.800	0.101
-35.500	-6.800	0.098
-35.400	-6.800	0.094
-35.300	-6.800	0.090
-35.200	-6.800	0.086
-35.100	-6.800	0.078
-35.000	-6.800	0.075
-40.400	-6.900	0.045
-40.300	-6.900	0.047
-40.200	-6.900	0.049
-40.100	-6.900	0.052
-40.000	-6.900	0.054
-39.900	-6.900	0.057
-39.800	-6.900	0.062
-39.700	-6.900	0.066
-39.600	-6.900	0.070
-39.500	-6.900	0.074
-39.400	-6.900	0.078
-39.300	-6.900	0.082
-39.200	-6.900	0.091
-39.100	-6.900	0.098
-39.000	-6.900	0.105
-38.900	-6.900	0.113
-38.800	-6.900	0.129
-38.700	-6.900	0.143
-38.600	-6.900	0.158
-38.500	-6.900	0.188
-38.400	-6.900	0.213
-38.300	-6.900	0.253
-38.200	-6.900	0.289
-38.100	-6.900	0.313
-38.000	-6.900	0.370
-37.900	-6.900	0.384
-37.800	-6.900	0.418
-37.700	-6.900	0.415
-37.600	-6.900	0.435
-37.500	-6.900	0.415
-37.400	-6.900	0.418
-37.300	-6.900	0.384
-37.200	-6.900	0.370
-37.100	-6.900	0.314
-37.000	-6.900	0.290
-36.900	-6.900	0.255
-36.800	-6.900	0.216
-36.700	-6.900	0.193
-36.600	-6.900	0.173
-36.500	-6.900	0.151
-36.400	-6.900	0.140
-36.300	-6.900	0.131
-36.200	-6.900	0.119
-36.100	-6.900	0.114
-36.000	-6.900	0.110
-35.900	-6.900	0.106
-35.800	-6.900	0.102
-35.700	-6.900	0.099
-35.600	-6.900	0.095
-35.500	-6.900	0.092
-35.400	-6.900	0.088
-35.300	-6.900	0.081
-35.200	-6.900	0.078
-35.100	-6.900	0.075
-35.000	-6.900	0.071
-34.900	-6.900	0.068
-40.400	-7.000	0.044
-40.300	-7.000	0.046
-40.200	-7.000	0.048
-40.100	-7.000	0.050
-40.000	-7.000	0.053
-39.900	-7.000	0.055
-39.800	-7.000	0.058
-39.700	-7.000	0.064
-39.600	-7.000	0.068
-39.500	-7.000	0.072
-39.400	-7.000	0.076
-39.300	-7.000	0.081
-39.200	-7.000	0.085
-39.100	-7.000	0.095
-39.000	-7.000	0.102
-38.900	-7.000	0.109
-38.800	-7.000	0.124
-38.700	-7.000	0.136
-38.600	-7.000	0.150
-38.500	-7.000	0.176
-38.400	-7.000	0.199
-38.300	-7.000	0.220
-38.200	-7.000	0.272
-38.100	-7.000	0.290
-38.000	-7.000	0.355
-37.900	-7.000	0.335
-37.800	-7.000	0.405
-37.700	-7.000	0.385
-37.600	-7.000	0.423
-37.500	-7.000	0.385
-37.400	-7.000	0.405
-37.300	-7.000	0.335
-37.200	-7.000	0.355
-37.100	-7.000	0.290
-37.000	-7.000	0.273
-36.900	-7.000	0.222
-36.800	-7.000	0.202
-36.700	-7.000	0.180
-36.600	-7.000	0.155
-36.500	-7.000	0.143
-36.400	-7.000	0.133
-36.300	-7.000	0.119
-36.200	-7.000	0.113
-36.100	-7.000	0.109
-36.000	-7.000	0.105
-35.900	-7.000	0.101
-35.800	-7.000	0.097
-35.700	-7.000	0.094
-35.600	-7.000	0.090
-35.500	-7.000	0.083
-35.400	-7.000	0.080
-35.300	-7.000	0.077
-35.200	-7.000	0.074
-35.100	-7.000	0.071
-35.000	-7.000	0.068
-34.900	-7.000	0.065
-40.400	-7.100	0.043
-40.300	-7.100	0.045
-40.200	-7.100	0.047
-40.100	-7.100	0.049
-40.000	-7.100	0.052
-39.900	-7.100	0.054
-39.800	-7.100	0.057
-39.700	-7.100	0.063
-39.600	-7.100	0.066
-39.500	-7.100	0.070
-39.400	-7.100	0.074
-39.300	-7.100	0.078
-39.200	-7.100	0.083
-39.100	-7.100	0.092
-39.000	-7.100	0.098
-38.900	-7.100	0.105
-38.800	-7.100	0.113
-38.700	-7.100	0.128
-38.600	-7.100	0.140
-38.500	-7.100	0.153
-38.400	-7.100	0.180
-38.300	-7.100	0.198
-38.200	-7.100	0.219
-38.100	-7.100	0.253
-38.000	-7.100	0.279
-37.900	-7.100	0.291
-37.800	-7.100	0.311
-37.700	-7.100	0.312
-37.600	-7.100	0.322
-37.500	-7.100	0.312
-37.400	-7.100	0.311
-37.300	-7.100	0.291
-37.200	-7.100	0.279
-37.100	-7.100	0.253
-37.000	-7.100	0.220
-36.900	-7.100	0.200
-36.800	-7.100	0.182
-36.700	-7.100	0.157
-36.600	-7.100	0.145
-36.500	-7.100	0.134
-36.400	-7.100	0.120
-36.300	-7.100	0.114
-36.200	-7.100	0.108
-36.100	-7.100	0.104
-36.000	-7.100	0.100
-35.900	-7.100	0.096
-35.800	-7.100	0.092
-35.700	-7.100	0.085
-35.600	-7.100	0.082
-35.500	-7.100	0.079
-35.400	-7.100	0.076
-35.300	-7.100	0.074
-35.200	-7.100	0.071
-35.100	-7.100	0.068
-35.000	-7.100	0.065
-34.900	-7.100	0.063
-40.500	-7.200	0.039
-40.400	-7.200	0.042
-40.300	-7.200	0.044
-40.200	-7.200	0.046
-40.100	-7.200	0.048
-40.000	-7.200	0.050
-39.900	-7.200	0.053
-39.800	-7.200	0.055
-39.700	-7.200	0.061
-39.600	-7.200	0.065
-39.500	-7.200	0.068
-39.400	-7.200	0.072
-39.300	-7.200	0.076
-39.200	-7.200	0.081
-39.100	-7.200	0.085
-39.000	-7.200	0.095
-38.900	-7.200	0.101
-38.800	-7.200	0.108
-38.700	-7.200	0.115
-38.600	-7.200	0.131
-38.500	-7.200	0.143
-38.400	-7.200	0.164
-38.300	-7.200	0.180
-38.200	-7.200	0.199
-38.100	-7.200	0.213
-38.000	-7.200	0.251
-37.900	-7.200	0.259
-37.800	-7.200	0.281
-37.700	-7.200	0.278
-37.600	-7.200	0.292
-37.500	-7.200	0.278
-37.400	-7.200	0.281
-37.300	-7.200	0.259
-37.200	-7.200	0.251
-37.100	-7.200	0.213
-37.000	-7.200	0.200
-36.900	-7.200	0.181
-36.800	-7.200	0.167
-36.700	-7.200	0.146
-36.600	-7.200	0.136
-36.500	-7.200	0.127
-36.400	-7.200	0.114
-36.300	-7.200	0.109
-36.200	-7.200	0.104
-36.100	-7.200	0.099
-36.000	-7.200	0.095
-35.900	-7.200	0.091
-35.800	-7.200	0.084
-35.700	-7.200	0.081
-35.600	-7.200	0.079
-35.500	-7.200	0.076
-35.400	-7.200	0.073
-35.300	-7.200	0.070
-35.200	-7.200	0.068
-35.100	-7.200	0.065
-35.000	-7.200	0.062
-34.900	-7.200	0.060
-34.800	-7.200	0.054
-40.500	-7.300	0.038
-40.400	-7.300	0.041
-40.300	-7.300	0.043
-40.200	-7.300	0.045
-40.100	-7.300	0.047
-40.000	-7.300	0.049
-39.900	-7.300	0.052
-39.800	-7.300	0.054
-39.700	-7.300	0.057
-39.600	-7.300	0.063
-39.500	-7.300	0.066
-39.400	-7.300	0.070
-39.300	-7.300	0.074
-39.200	-7.300	0.078
-39.100	-7.300	0.082
-39.000	-7.300	0.091
-38.900	-7.300	0.097
-38.800	-7.300	0.103
-38.700	-7.300	0.109
-38.600	-7.300	0.116
-38.500	-7.300	0.132
-38.400	-7.300	0.142
-38.300	-7.300	0.153
-38.200	-7.300	0.175
-38.100	-7.300	0.187
-38.000	-7.300	0.201
-37.900	-7.300	0.209
-37.800	-7.300	0.219
-37.700	-7.300	0.222
-37.600	-7.300	0.241
-37.500	-7.300	0.222
-37.400	-7.300	0.219
-37.100	-7.300	0.188
-37.000	-7.300	0.176
-36.900	-7.300	0.155
-36.800	-7.300	0.145
-36.700	-7.300	0.135
-36.600	-7.300	0.126
-36.500	-7.300	0.114
-36.400	-7.300	0.108
-36.300	-7.300	0.103
-36.200	-7.300	0.099
-36.100	-7.300	0.095
-36.000	-7.300	0.087
-35.900	-7.300	0.084
-35.800	-7.300	0.081
-35.700	-7.300	0.078
-35.600	-7.300	0.075
-35.500	-7.300	0.072
-35.400	-7.300	0.070
-35.300	-7.300	0.067
-35.200	-7.300	0.065
-35.100	-7.300	0.062
-35.000	-7.300	0.060
-34.900	-7.300	0.055
-34.800	-7.300	0.052
-39.600	-7.400	0.061
-39.500	-7.400	0.064
-39.400	-7.400	0.068
-39.300	-7.400	0.071
-39.200	-7.400	0.075
-39.100	-7.400	0.079
-39.000	-7.400	0.083
-38.900	-7.400	0.092
-38.800	-7.400	0.098
-38.700	-7.400	0.104
-38.600	-7.400	0.110
-38.500	-7.400	0.116
-38.400	-7.400	0.131
-38.300	-7.400	0.139
-38.200	-7.400	0.149
-38.100	-7.400	0.157
-38.000	-7.400	0.177
-37.900	-7.400	0.184
-37.800	-7.400	0.192
-37.700	-7.400	0.194
-37.600	-7.400	0.198
-37.500	-7.400	0.194
-37.000	-7.400	0.150
-36.900	-7.400	0.141
-36.800	-7.400	0.133
-36.700	-7.400	0.125
-36.600	-7.400	0.113
-36.500	-7.400	0.108
-36.400	-7.400	0.103
-36.300	-7.400	0.098
-36.200	-7.400	0.094
-36.100	-7.400	0.086
-36.000	-7.400	0.083
-35.900	-7.400	0.080
-35.800	-7.400	0.077
-35.700	-7.400	0.075
-35.600	-7.400	0.072
-35.500	-7.400	0.069
-35.400	-7.400	0.067
-35.100	-7.400	0.056
-35.000	-7.400	0.054
-34.900	-7.400	0.052
-39.400	-7.500	0.065
-39.300	-7.500	0.069
-39.200	-7.500	0.073
-39.100	-7.500	0.076
-39.000	-7.500	0.080
-38.900	-7.500	0.084
-38.800	-7.500	0.093
-38.700	-7.500	0.098
-38.600	-7.500	0.103
-38.500	-7.500	0.109
-38.400	-7.500	0.114
-38.300	-7.500	0.127
-38.200	-7.500	0.134
-38.100	-7.500	0.141
-38.000	-7.500	0.147
-37.900	-7.500	0.152
-37.800	-7.500	0.157
-37.700	-7.500	0.168
-37.600	-7.500	0.170
-37.000	-7.500	0.136
-36.900	-7.500	0.129
-36.800	-7.500	0.117
-36.700	-7.500	0.112
-36.600	-7.500	0.107
-36.500	-7.500	0.102
-36.400	-7.500	0.098
-36.300	-7.500	0.093
-36.200	-7.500	0.086
-36.100	-7.500	0.083
-36.000	-7.500	0.080
-35.900	-7.500	0.077
-35.800	-7.500	0.074
-35.700	-7.500	0.071
-35.600	-7.500	0.069
-34.900	-7.500	0.050
-39.400	-7.600	0.063
-39.300	-7.600	0.066
-39.200	-7.600	0.070
-39.100	-7.600	0.073
-39.000	-7.600	0.077
-38.900	-7.600	0.081
-38.800	-7.600	0.084
-38.700	-7.600	0.093
-38.600	-7.600	0.097
-38.500	-7.600	0.102
-38.400	-7.600	0.107
-38.300	-7.600	0.112
-38.200	-7.600	0.116
-38.100	-7.600	0.128
-38.000	-7.600	0.133
-37.900	-7.600	0.137
-37.800	-7.600	0.140
-37.100	-7.600	0.129
-37.000	-7.600	0.124
-36.900	-7.600	0.113
-36.800	-7.600	0.109
-36.700	-7.600	0.105
-36.600	-7.600	0.100
-36.500	-7.600	0.096
-36.400	-7.600	0.092
-36.300	-7.600	0.085
-36.200	-7.600	0.082
-36.100	-7.600	0.079
-36.000	-7.600	0.076
-35.900	-7.600	0.073
-35.800	-7.600	0.071
-35.700	-7.600	0.068
-35.600	-7.600	0.066
-39.100	-7.700	0.070
-39.000	-7.700	0.074
-38.900	-7.700	0.077
-38.600	-7.700	0.092
-38.500	-7.700	0.096
-38.400	-7.700	0.100
-38.300	-7.700	0.104
-38.200	-7.700	0.108
-38.100	-7.700	0.111
-38.000	-7.700	0.114
-37.100	-7.700	0.112
-37.000	-7.700	0.109
-36.900	-7.700	0.105
-36.800	-7.700	0.102
-36.700	-7.700	0.098
-36.600	-7.700	0.094
-36.500	-7.700	0.091
-36.400	-7.700	0.084
-36.300	-7.700	0.081
-36.200	-7.700	0.078
-36.100	-7.700	0.075
-36.000	-7.700	0.073
-35.900	-7.700	0.070
-35.800	-7.700	0.067
-35.700	-7.700	0.065
-39.000	-7.800	0.070
-38.200	-7.800	0.100
-38.100	-7.800	0.103
-37.100	-7.800	0.104
-37.000	-7.800	0.101
-36.900	-7.800	0.098
-36.800	-7.800	0.095
-36.700	-7.800	0.092
-36.600	-7.800	0.085
-36.500	-7.800	0.082
-36.400	-7.800	0.080
-36.300	-7.800	0.077
-36.000	-7.800	0.069
-37.200	-7.900	0.098
-37.100	-7.900	0.096
-37.000	-7.900	0.094
-36.900	-7.900	0.092
-36.800	-7.900	0.085
-36.700	-7.900	0.083
-36.600	-7.900	0.081
-36.500	-7.900	0.078
-37.100	-8.000	0.090
-37.000	-8.000	0.084
-36.900	-8.000	0.082
-36.800	-8.000	0.080
-36.700	-8.000	0.078
-37.100	-8.100	0.081
-37.000	-8.100	0.079
-36.900	-8.100	0.078
-36.800	-8.100	0.076
-36.700	-8.100	0.074
-37.100	-8.200	0.076
-37.000	-8.200	0.074
-36.900	-8.200	0.073
