-40.500	-2.800	0.058
-41.200	-2.900	0.051
-41.100	-2.900	0.052
-41.000	-2.900	0.053
-40.900	-2.900	0.055
-40.800	-2.900	0.056
-40.700	-2.900	0.057
-40.600	-2.900	0.058
-40.500	-2.900	0.059
-40.400	-2.900	0.060
-40.300	-2.900	0.061
-40.200	-2.900	0.075
-40.100	-2.900	0.076
-40.000	-2.900	0.077
-39.900	-2.900	0.078
-41.200	-3.000	0.052
-41.100	-3.000	0.053
-41.000	-3.000	0.054
-40.900	-3.000	0.056
-40.800	-3.000	0.057
-40.700	-3.000	0.058
-40.600	-3.000	0.060
-40.500	-3.000	0.061
-40.400	-3.000	0.075
-40.300	-3.000	0.076
-40.200	-3.000	0.079
-40.100	-3.000	0.080
-40.000	-3.000	0.081
-39.900	-3.000	0.082
-39.800	-3.000	0.083
-39.700	-3.000	0.083
-41.200	-3.100	0.053
-41.100	-3.100	0.054
-41.000	-3.100	0.055
-40.900	-3.100	0.057
-40.800	-3.100	0.058
-40.700	-3.100	0.060
-40.600	-3.100	0.061
-40.500	-3.100	0.075
-40.400	-3.100	0.078
-40.300	-3.100	0.080
-40.200	-3.100	0.082
-40.100	-3.100	0.083
-40.000	-3.100	0.085
-39.900	-3.100	0.086
-39.800	-3.100	0.086
-39.700	-3.100	0.086
-39.600	-3.100	0.086
-41.300	-3.200	0.052
-41.200	-3.200	0.054
-41.100	-3.200	0.055
-41.000	-3.200	0.056
-40.900	-3.200	0.058
-40.800	-3.200	0.060
-40.700	-3.200	0.061
-40.600	-3.200	0.076
-40.500	-3.200	0.078
-40.400	-3.200	0.081
-40.300	-3.200	0.083
-40.200	-3.200	0.086
-40.100	-3.200	0.087
-40.000	-3.200	0.110
-39.900	-3.200	0.110
-39.800	-3.200	0.112
-39.700	-3.200	0.110
-39.600	-3.200	0.111
-39.500	-3.200	0.090
-39.400	-3.200	0.090
-41.300	-3.300	0.053
-41.200	-3.300	0.054
-41.100	-3.300	0.056
-41.000	-3.300	0.057
-40.900	-3.300	0.059
-40.800	-3.300	0.061
-40.700	-3.300	0.075
-40.600	-3.300	0.078
-40.500	-3.300	0.081
-40.400	-3.300	0.084
-40.300	-3.300	0.086
-40.200	-3.300	0.109
-40.100	-3.300	0.111
-40.000	-3.300	0.115
-39.900	-3.300	0.115
-39.800	-3.300	0.117
-39.700	-3.300	0.116
-39.600	-3.300	0.116
-39.500	-3.300	0.114
-39.400	-3.300	0.113
-39.300	-3.300	0.110
-39.200	-3.300	0.090
-41.300	-3.400	0.054
-41.200	-3.400	0.055
-41.100	-3.400	0.057
-41.000	-3.400	0.058
-40.900	-3.400	0.060
-40.800	-3.400	0.074
-40.700	-3.400	0.077
-40.600	-3.400	0.081
-40.500	-3.400	0.084
-40.400	-3.400	0.088
-40.300	-3.400	0.110
-40.200	-3.400	0.117
-40.100	-3.400	0.118
-40.000	-3.400	0.123
-39.900	-3.400	0.123
-39.800	-3.400	0.126
-39.700	-3.400	0.123
-39.600	-3.400	0.125
-39.500	-3.400	0.121
-39.400	-3.400	0.121
-39.300	-3.400	0.116
-39.200	-3.400	0.115
-39.100	-3.400	0.111
-41.300	-3.500	0.054
-41.200	-3.500	0.056
-41.100	-3.500	0.057
-41.000	-3.500	0.059
-40.900	-3.500	0.061
-40.800	-3.500	0.076
-40.700	-3.500	0.079
-40.600	-3.500	0.083
-40.500	-3.500	0.086
-40.400	-3.500	0.110
-40.300	-3.500	0.115
-40.200	-3.500	0.120
-40.100	-3.500	0.123
-40.000	-3.500	0.127
-39.900	-3.500	0.127
-39.800	-3.500	0.129
-39.700	-3.500	0.128
-39.600	-3.500	0.128
-39.500	-3.500	0.125
-39.400	-3.500	0.124
-39.300	-3.500	0.121
-39.200	-3.500	0.119
-39.100	-3.500	0.115
-39.000	-3.500	0.114
-41.300	-3.600	0.055
-41.200	-3.600	0.056
-41.100	-3.600	0.058
-41.000	-3.600	0.060
-40.900	-3.600	0.074
-40.800	-3.600	0.078
-40.700	-3.600	0.081
-40.600	-3.600	0.086
-40.500	-3.600	0.108
-40.400	-3.600	0.116
-40.300	-3.600	0.120
-40.200	-3.600	0.127
-40.100	-3.600	0.129
-40.000	-3.600	0.165
-39.900	-3.600	0.163
-39.800	-3.600	0.169
-39.700	-3.600	0.164
-39.600	-3.600	0.167
-39.500	-3.600	0.131
-39.400	-3.600	0.159
-39.300	-3.600	0.126
-39.200	-3.600	0.125
-39.100	-3.600	0.121
-39.000	-3.600	0.120
-38.900	-3.600	0.117
-38.800	-3.600	0.118
-41.200	-3.700	0.057
-41.100	-3.700	0.059
-41.000	-3.700	0.061
-40.900	-3.700	0.075
-40.800	-3.700	0.079
-40.700	-3.700	0.082
-40.600	-3.700	0.087
-40.500	-3.700	0.111
-40.400	-3.700	0.118
-40.300	-3.700	0.122
-40.200	-3.700	0.128
-40.100	-3.700	0.160
-40.000	-3.700	0.166
-39.900	-3.700	0.167
-39.800	-3.700	0.170
-39.700	-3.700	0.168
-39.600	-3.700	0.168
-39.500	-3.700	0.163
-39.400	-3.700	0.161
-39.300	-3.700	0.129
-39.200	-3.700	0.127
-39.100	-3.700	0.124
-39.000	-3.700	0.123
-38.900	-3.700	0.121
-38.800	-3.700	0.122
-38.700	-3.700	0.121
-38.600	-3.700	0.122
-41.200	-3.800	0.057
-41.100	-3.800	0.059
-41.000	-3.800	0.061
-40.900	-3.800	0.076
-40.800	-3.800	0.080
-40.700	-3.800	0.084
-40.600	-3.800	0.109
-40.500	-3.800	0.114
-40.400	-3.800	0.123
-40.300	-3.800	0.126
-40.200	-3.800	0.165
-40.100	-3.800	0.166
-40.000	-3.800	0.176
-39.900	-3.800	0.174
-39.800	-3.800	0.181
-39.700	-3.800	0.175
-39.600	-3.800	0.178
-39.500	-3.800	0.170
-39.400	-3.800	0.171
-39.300	-3.800	0.162
-39.200	-3.800	0.161
-39.100	-3.800	0.129
-39.000	-3.800	0.129
-38.900	-3.800	0.126
-38.800	-3.800	0.128
-38.700	-3.800	0.127
-38.600	-3.800	0.129
-38.500	-3.800	0.127
-41.200	-3.900	0.058
-41.100	-3.900	0.059
-41.000	-3.900	0.061
-40.900	-3.900	0.077
-40.800	-3.900	0.081
-40.700	-3.900	0.084
-40.600	-3.900	0.109
-40.500	-3.900	0.115
-40.400	-3.900	0.122
-40.300	-3.900	0.127
-40.200	-3.900	0.163
-40.100	-3.900	0.167
-40.000	-3.900	0.173
-39.900	-3.900	0.174
-39.800	-3.900	0.178
-39.700	-3.900	0.175
-39.600	-3.900	0.176
-39.500	-3.900	0.171
-39.400	-3.900	0.169
-39.300	-3.900	0.163
-39.200	-3.900	0.161
-39.100	-3.900	0.131
-39.000	-3.900	0.130
-38.900	-3.900	0.129
-38.800	-3.900	0.131
-38.700	-3.900	0.131
-38.600	-3.900	0.132
-38.500	-3.900	0.131
-38.400	-3.900	0.132
-41.200	-4.000	0.058
-41.100	-4.000	0.060
-41.000	-4.000	0.062
-40.900	-4.000	0.077
-40.800	-4.000	0.081
-40.700	-4.000	0.085
-40.600	-4.000	0.111
-40.500	-4.000	0.116
-40.400	-4.000	0.125
-40.300	-4.000	0.129
-40.200	-4.000	0.169
-40.100	-4.000	0.170
-40.000	-4.000	0.180
-39.900	-4.000	0.178
-39.800	-4.000	0.185
-39.700	-4.000	0.179
-39.600	-4.000	0.183
-39.500	-4.000	0.174
-39.400	-4.000	0.176
-39.300	-4.000	0.167
-39.200	-4.000	0.168
-39.100	-4.000	0.162
-39.000	-4.000	0.164
-38.900	-4.000	0.161
-38.800	-4.000	0.167
-38.700	-4.000	0.164
-38.600	-4.000	0.171
-38.500	-4.000	0.167
-38.400	-4.000	0.172
-38.300	-4.000	0.165
-41.100	-4.100	0.060
-41.000	-4.100	0.062
-40.900	-4.100	0.077
-40.800	-4.100	0.081
-40.700	-4.100	0.085
-40.600	-4.100	0.109
-40.500	-4.100	0.115
-40.400	-4.100	0.122
-40.300	-4.100	0.127
-40.200	-4.100	0.163
-40.100	-4.100	0.167
-40.000	-4.100	0.174
-39.900	-4.100	0.174
-39.800	-4.100	0.178
-39.700	-4.100	0.176
-39.600	-4.100	0.177
-39.500	-4.100	0.172
-39.400	-4.100	0.171
-39.300	-4.100	0.166
-39.200	-4.100	0.165
-39.100	-4.100	0.162
-39.000	-4.100	0.163
-38.900	-4.100	0.163
-38.800	-4.100	0.167
-38.700	-4.100	0.167
-38.600	-4.100	0.171
-38.500	-4.100	0.171
-38.400	-4.100	0.173
-38.300	-4.100	0.169
-38.200	-4.100	0.168
-41.100	-4.200	0.060
-41.000	-4.200	0.062
-40.900	-4.200	0.077
-40.800	-4.200	0.081
-40.700	-4.200	0.084
-40.600	-4.200	0.109
-40.500	-4.200	0.114
-40.400	-4.200	0.123
-40.300	-4.200	0.127
-40.200	-4.200	0.165
-40.100	-4.200	0.167
-40.000	-4.200	0.177
-39.900	-4.200	0.174
-39.800	-4.200	0.182
-39.700	-4.200	0.176
-39.600	-4.200	0.180
-39.500	-4.200	0.172
-39.400	-4.200	0.174
-39.300	-4.200	0.167
-39.200	-4.200	0.169
-39.100	-4.200	0.164
-39.000	-4.200	0.169
-38.900	-4.200	0.167
-38.800	-4.200	0.175
-38.700	-4.200	0.173
-38.600	-4.200	0.181
-38.500	-4.200	0.177
-38.400	-4.200	0.183
-38.300	-4.200	0.176
-38.200	-4.200	0.178
-38.100	-4.200	0.168
-41.100	-4.300	0.059
-41.000	-4.300	0.061
-40.900	-4.300	0.076
-40.800	-4.300	0.080
-40.700	-4.300	0.083
-40.600	-4.300	0.087
-40.500	-4.300	0.111
-40.400	-4.300	0.118
-40.300	-4.300	0.123
-40.200	-4.300	0.129
-40.100	-4.300	0.160
-40.000	-4.300	0.167
-39.900	-4.300	0.168
-39.800	-4.300	0.172
-39.700	-4.300	0.170
-39.600	-4.300	0.171
-39.500	-4.300	0.167
-39.400	-4.300	0.167
-39.300	-4.300	0.163
-39.200	-4.300	0.164
-39.100	-4.300	0.162
-39.000	-4.300	0.165
-38.900	-4.300	0.167
-38.800	-4.300	0.172
-38.700	-4.300	0.173
-38.600	-4.300	0.178
-38.500	-4.300	0.177
-38.400	-4.300	0.180
-38.300	-4.300	0.176
-38.200	-4.300	0.175
-38.100	-4.300	0.169
-38.000	-4.300	0.165
-41.100	-4.400	0.059
-41.000	-4.400	0.061
-40.900	-4.400	0.075
-40.800	-4.400	0.079
-40.700	-4.400	0.082
-40.600	-4.400	0.087
-40.500	-4.400	0.109
-40.400	-4.400	0.117
-40.300	-4.400	0.121
-40.200	-4.400	0.128
-40.100	-4.400	0.130
-40.000	-4.400	0.166
-39.900	-4.400	0.164
-39.800	-4.400	0.171
-39.700	-4.400	0.166
-39.600	-4.400	0.170
-39.500	-4.400	0.164
-39.400	-4.400	0.167
-39.300	-4.400	0.161
-39.200	-4.400	0.165
-39.100	-4.400	0.162
-39.000	-4.400	0.169
-38.900	-4.400	0.168
-38.800	-4.400	0.177
-38.700	-4.400	0.176
-38.600	-4.400	0.184
-38.500	-4.400	0.180
-38.400	-4.400	0.186
-38.300	-4.400	0.179
-38.200	-4.400	0.182
-38.100	-4.400	0.172
-38.000	-4.400	0.172
-37.900	-4.400	0.133
-37.800	-4.400	0.130
-41.100	-4.500	0.059
-41.000	-4.500	0.061
-40.900	-4.500	0.062
-40.800	-4.500	0.077
-40.700	-4.500	0.081
-40.600	-4.500	0.084
-40.500	-4.500	0.088
-40.400	-4.500	0.112
-40.300	-4.500	0.116
-40.200	-4.500	0.121
-40.100	-4.500	0.124
-40.000	-4.500	0.128
-39.900	-4.500	0.129
-39.800	-4.500	0.132
-39.700	-4.500	0.131
-39.600	-4.500	0.132
-39.500	-4.500	0.131
-39.400	-4.500	0.131
-39.300	-4.500	0.130
-39.200	-4.500	0.131
-39.100	-4.500	0.132
-39.000	-4.500	0.162
-38.900	-4.500	0.165
-38.800	-4.500	0.170
-38.700	-4.500	0.172
-38.600	-4.500	0.177
-38.500	-4.500	0.177
-38.400	-4.500	0.180
-38.300	-4.500	0.177
-38.200	-4.500	0.176
-38.100	-4.500	0.170
-38.000	-4.500	0.166
-37.900	-4.500	0.132
-37.800	-4.500	0.128
-41.200	-4.600	0.057
-41.100	-4.600	0.058
-41.000	-4.600	0.060
-40.900	-4.600	0.062
-40.800	-4.600	0.076
-40.700	-4.600	0.079
-40.600	-4.600	0.083
-40.500	-4.600	0.086
-40.400	-4.600	0.109
-40.300	-4.600	0.112
-40.200	-4.600	0.118
-40.100	-4.600	0.120
-40.000	-4.600	0.125
-39.900	-4.600	0.125
-39.800	-4.600	0.129
-39.700	-4.600	0.127
-39.600	-4.600	0.129
-39.500	-4.600	0.127
-39.400	-4.600	0.129
-39.300	-4.600	0.127
-39.200	-4.600	0.130
-39.100	-4.600	0.130
-39.000	-4.600	0.163
-38.900	-4.600	0.163
-38.800	-4.600	0.172
-38.700	-4.600	0.172
-38.600	-4.600	0.180
-38.500	-4.600	0.177
-38.400	-4.600	0.183
-38.300	-4.600	0.177
-38.200	-4.600	0.179
-38.100	-4.600	0.170
-38.000	-4.600	0.169
-37.900	-4.600	0.132
-37.800	-4.600	0.130
-37.700	-4.600	0.123
-41.200	-4.700	0.056
-41.100	-4.700	0.058
-41.000	-4.700	0.060
-40.900	-4.700	0.061
-40.800	-4.700	0.075
-40.700	-4.700	0.077
-40.600	-4.700	0.080
-40.500	-4.700	0.083
-40.400	-4.700	0.086
-40.300	-4.700	0.089
-40.200	-4.700	0.111
-40.100	-4.700	0.114
-40.000	-4.700	0.117
-39.900	-4.700	0.119
-39.800	-4.700	0.121
-39.700	-4.700	0.121
-39.600	-4.700	0.122
-39.500	-4.700	0.122
-39.400	-4.700	0.123
-39.300	-4.700	0.123
-39.200	-4.700	0.125
-39.100	-4.700	0.126
-39.000	-4.700	0.130
-38.900	-4.700	0.132
-38.800	-4.700	0.164
-38.700	-4.700	0.166
-38.600	-4.700	0.171
-38.500	-4.700	0.171
-38.400	-4.700	0.174
-38.300	-4.700	0.171
-38.200	-4.700	0.170
-38.100	-4.700	0.165
-38.000	-4.700	0.162
-37.900	-4.700	0.130
-37.800	-4.700	0.127
-37.700	-4.700	0.122
-37.600	-4.700	0.118
-37.500	-4.700	0.114
-37.400	-4.700	0.094
-41.200	-4.800	0.056
-41.100	-4.800	0.058
-41.000	-4.800	0.059
-40.900	-4.800	0.060
-40.800	-4.800	0.062
-40.700	-4.800	0.076
-40.600	-4.800	0.079
-40.500	-4.800	0.081
-40.400	-4.800	0.084
-40.300	-4.800	0.086
-40.200	-4.800	0.089
-40.100	-4.800	0.091
-40.000	-4.800	0.113
-39.900	-4.800	0.114
-39.800	-4.800	0.117
-39.700	-4.800	0.116
-39.600	-4.800	0.118
-39.500	-4.800	0.118
-39.400	-4.800	0.120
-39.300	-4.800	0.120
-39.200	-4.800	0.123
-39.100	-4.800	0.124
-39.000	-4.800	0.128
-38.900	-4.800	0.130
-38.800	-4.800	0.163
-38.700	-4.800	0.163
-38.600	-4.800	0.170
-38.500	-4.800	0.168
-38.400	-4.800	0.173
-38.300	-4.800	0.168
-38.200	-4.800	0.170
-38.100	-4.800	0.163
-38.000	-4.800	0.162
-37.900	-4.800	0.129
-37.800	-4.800	0.127
-37.700	-4.800	0.122
-37.600	-4.800	0.119
-37.500	-4.800	0.114
-37.400	-4.800	0.095
-37.300	-4.800	0.093
-41.200	-4.900	0.056
-41.100	-4.900	0.057
-41.000	-4.900	0.058
-40.900	-4.900	0.060
-40.800	-4.900	0.061
-40.700	-4.900	0.063
-40.600	-4.900	0.076
-40.500	-4.900	0.079
-40.400	-4.900	0.081
-40.300	-4.900	0.083
-40.200	-4.900	0.086
-40.100	-4.900	0.087
-40.000	-4.900	0.089
-39.900	-4.900	0.090
-39.800	-4.900	0.092
-39.700	-4.900	0.092
-39.600	-4.900	0.112
-39.500	-4.900	0.112
-39.400	-4.900	0.114
-39.300	-4.900	0.115
-39.200	-4.900	0.117
-39.100	-4.900	0.119
-39.000	-4.900	0.123
-38.900	-4.900	0.125
-38.800	-4.900	0.129
-38.700	-4.900	0.131
-38.600	-4.900	0.134
-38.500	-4.900	0.134
-38.400	-4.900	0.163
-38.300	-4.900	0.134
-38.200	-4.900	0.134
-38.100	-4.900	0.132
-38.000	-4.900	0.130
-37.900	-4.900	0.127
-37.800	-4.900	0.124
-37.700	-4.900	0.121
-37.600	-4.900	0.118
-37.500	-4.900	0.115
-37.400	-4.900	0.096
-37.300	-4.900	0.095
-41.100	-5.000	0.056
-41.000	-5.000	0.058
-40.900	-5.000	0.059
-40.800	-5.000	0.060
-40.700	-5.000	0.062
-40.600	-5.000	0.063
-40.500	-5.000	0.077
-40.400	-5.000	0.079
-40.300	-5.000	0.081
-40.200	-5.000	0.083
-40.100	-5.000	0.085
-40.000	-5.000	0.087
-39.900	-5.000	0.088
-39.800	-5.000	0.089
-39.700	-5.000	0.090
-39.600	-5.000	0.091
-39.500	-5.000	0.092
-39.400	-5.000	0.093
-39.300	-5.000	0.112
-39.200	-5.000	0.115
-39.100	-5.000	0.116
-39.000	-5.000	0.120
-38.900	-5.000	0.122
-38.800	-5.000	0.127
-38.700	-5.000	0.128
-38.600	-5.000	0.131
-38.500	-5.000	0.131
-38.400	-5.000	0.134
-38.300	-5.000	0.132
-38.200	-5.000	0.133
-38.100	-5.000	0.130
-38.000	-5.000	0.130
-37.900	-5.000	0.126
-37.800	-5.000	0.125
-37.700	-5.000	0.121
-37.600	-5.000	0.119
-37.500	-5.000	0.116
-37.400	-5.000	0.115
-37.300	-5.000	0.096
-37.200	-5.000	0.095
-37.100	-5.000	0.094
-37.000	-5.000	0.094
-36.900	-5.000	0.093
-41.000	-5.100	0.057
-40.900	-5.100	0.058
-40.800	-5.100	0.060
-40.700	-5.100	0.061
-40.600	-5.100	0.062
-40.500	-5.100	0.064
-40.400	-5.100	0.077
-40.300	-5.100	0.079
-40.200	-5.100	0.080
-40.100	-5.100	0.082
-40.000	-5.100	0.084
-39.900	-5.100	0.085
-39.800	-5.100	0.086
-39.700	-5.100	0.087
-39.600	-5.100	0.088
-39.500	-5.100	0.089
-39.400	-5.100	0.091
-39.300	-5.100	0.092
-39.200	-5.100	0.093
-39.100	-5.100	0.112
-39.000	-5.100	0.115
-38.900	-5.100	0.118
-38.800	-5.100	0.121
-38.700	-5.100	0.123
-38.600	-5.100	0.126
-38.500	-5.100	0.126
-38.400	-5.100	0.128
-38.300	-5.100	0.128
-38.200	-5.100	0.128
-38.100	-5.100	0.127
-38.000	-5.100	0.126
-37.900	-5.100	0.125
-37.800	-5.100	0.124
-37.700	-5.100	0.121
-37.600	-5.100	0.120
-37.500	-5.100	0.118
-37.400	-5.100	0.117
-37.300	-5.100	0.115
-37.200	-5.100	0.114
-37.100	-5.100	0.096
-37.000	-5.100	0.095
-36.900	-5.100	0.095
-36.800	-5.100	0.095
-36.700	-5.100	0.112
-36.600	-5.100	0.114
-36.500	-5.100	0.116
-36.400	-5.100	0.119
-36.300	-5.100	0.121
-36.200	-5.100	0.125
-36.100	-5.100	0.126
-36.000	-5.100	0.129
-35.900	-5.100	0.129
-35.800	-5.100	0.130
-40.900	-5.200	0.058
-40.800	-5.200	0.059
-40.700	-5.200	0.060
-40.600	-5.200	0.061
-40.500	-5.200	0.063
-40.400	-5.200	0.064
-40.300	-5.200	0.077
-40.200	-5.200	0.078
-40.100	-5.200	0.080
-40.000	-5.200	0.081
-39.900	-5.200	0.083
-39.800	-5.200	0.084
-39.700	-5.200	0.085
-39.600	-5.200	0.086
-39.500	-5.200	0.088
-39.400	-5.200	0.089
-39.300	-5.200	0.090
-39.200	-5.200	0.092
-39.100	-5.200	0.093
-39.000	-5.200	0.113
-38.900	-5.200	0.115
-38.800	-5.200	0.118
-38.700	-5.200	0.120
-38.600	-5.200	0.123
-38.500	-5.200	0.124
-38.400	-5.200	0.126
-38.300	-5.200	0.126
-38.200	-5.200	0.127
-38.100	-5.200	0.126
-38.000	-5.200	0.127
-37.900	-5.200	0.126
-37.800	-5.200	0.126
-37.700	-5.200	0.124
-37.600	-5.200	0.123
-37.500	-5.200	0.121
-37.400	-5.200	0.121
-37.300	-5.200	0.119
-37.200	-5.200	0.118
-37.100	-5.200	0.116
-37.000	-5.200	0.115
-36.900	-5.200	0.115
-36.800	-5.200	0.115
-36.700	-5.200	0.116
-36.600	-5.200	0.119
-36.500	-5.200	0.120
-36.400	-5.200	0.125
-36.300	-5.200	0.126
-36.200	-5.200	0.132
-36.100	-5.200	0.132
-36.000	-5.200	0.167
-35.900	-5.200	0.164
-35.800	-5.200	0.170
-35.700	-5.200	0.163
-35.600	-5.200	0.165
-35.500	-5.200	0.129
-40.900	-5.300	0.057
-40.800	-5.300	0.058
-40.700	-5.300	0.059
-40.600	-5.300	0.061
-40.500	-5.300	0.062
-40.400	-5.300	0.063
-40.300	-5.300	0.064
-40.200	-5.300	0.076
-40.100	-5.300	0.078
-40.000	-5.300	0.079
-39.900	-5.300	0.081
-39.800	-5.300	0.082
-39.700	-5.300	0.083
-39.600	-5.300	0.085
-39.500	-5.300	0.086
-39.400	-5.300	0.087
-39.300	-5.300	0.089
-39.200	-5.300	0.090
-39.100	-5.300	0.092
-39.000	-5.300	0.093
-38.900	-5.300	0.095
-38.800	-5.300	0.115
-38.700	-5.300	0.117
-38.600	-5.300	0.119
-38.500	-5.300	0.121
-38.400	-5.300	0.123
-38.300	-5.300	0.124
-38.200	-5.300	0.126
-38.100	-5.300	0.126
-38.000	-5.300	0.127
-37.900	-5.300	0.127
-37.800	-5.300	0.127
-37.700	-5.300	0.127
-37.600	-5.300	0.127
-37.500	-5.300	0.125
-37.400	-5.300	0.124
-37.300	-5.300	0.123
-37.200	-5.300	0.121
-37.100	-5.300	0.120
-37.000	-5.300	0.119
-36.900	-5.300	0.118
-36.800	-5.300	0.118
-36.700	-5.300	0.119
-36.600	-5.300	0.121
-36.500	-5.300	0.123
-36.400	-5.300	0.127
-36.300	-5.300	0.129
-36.200	-5.300	0.133
-36.100	-5.300	0.163
-36.000	-5.300	0.168
-35.900	-5.300	0.168
-35.800	-5.300	0.170
-35.700	-5.300	0.167
-35.600	-5.300	0.166
-35.500	-5.300	0.160
-35.400	-5.300	0.129
-40.900	-5.400	0.056
-40.800	-5.400	0.058
-40.700	-5.400	0.059
-40.600	-5.400	0.060
-40.500	-5.400	0.061
-40.400	-5.400	0.062
-40.300	-5.400	0.063
-40.200	-5.400	0.064
-40.100	-5.400	0.076
-40.000	-5.400	0.078
-39.900	-5.400	0.079
-39.800	-5.400	0.081
-39.700	-5.400	0.082
-39.600	-5.400	0.083
-39.500	-5.400	0.085
-39.400	-5.400	0.086
-39.300	-5.400	0.087
-39.200	-5.400	0.089
-39.100	-5.400	0.091
-39.000	-5.400	0.092
-38.900	-5.400	0.094
-38.800	-5.400	0.113
-38.700	-5.400	0.115
-38.600	-5.400	0.118
-38.500	-5.400	0.120
-38.400	-5.400	0.123
-38.300	-5.400	0.124
-38.200	-5.400	0.127
-38.100	-5.400	0.128
-38.000	-5.400	0.130
-37.900	-5.400	0.131
-37.800	-5.400	0.133
-37.700	-5.400	0.132
-37.600	-5.400	0.133
-37.500	-5.400	0.131
-37.400	-5.400	0.131
-37.300	-5.400	0.128
-37.200	-5.400	0.127
-37.100	-5.400	0.125
-37.000	-5.400	0.124
-36.900	-5.400	0.122
-36.800	-5.400	0.122
-36.700	-5.400	0.122
-36.600	-5.400	0.125
-36.500	-5.400	0.126
-36.400	-5.400	0.131
-36.300	-5.400	0.133
-36.200	-5.400	0.169
-36.100	-5.400	0.169
-36.000	-5.400	0.178
-35.900	-5.400	0.175
-35.800	-5.400	0.181
-35.700	-5.400	0.174
-35.600	-5.400	0.176
-35.500	-5.400	0.167
-35.400	-5.400	0.165
-40.900	-5.500	0.056
-40.800	-5.500	0.057
-40.700	-5.500	0.058
-40.600	-5.500	0.059
-40.500	-5.500	0.060
-40.400	-5.500	0.061
-40.300	-5.500	0.062
-40.200	-5.500	0.063
-40.100	-5.500	0.064
-40.000	-5.500	0.076
-39.900	-5.500	0.078
-39.800	-5.500	0.079
-39.700	-5.500	0.081
-39.600	-5.500	0.082
-39.500	-5.500	0.083
-39.400	-5.500	0.085
-39.300	-5.500	0.086
-39.200	-5.500	0.088
-39.100	-5.500	0.090
-39.000	-5.500	0.091
-38.900	-5.500	0.093
-38.800	-5.500	0.095
-38.700	-5.500	0.113
-38.600	-5.500	0.117
-38.500	-5.500	0.119
-38.400	-5.500	0.122
-38.300	-5.500	0.125
-38.200	-5.500	0.128
-38.100	-5.500	0.131
-38.000	-5.500	0.133
-37.900	-5.500	0.135
-37.800	-5.500	0.137
-37.700	-5.500	0.137
-37.600	-5.500	0.166
-37.500	-5.500	0.136
-37.400	-5.500	0.136
-37.300	-5.500	0.134
-37.200	-5.500	0.132
-37.100	-5.500	0.129
-37.000	-5.500	0.127
-36.900	-5.500	0.125
-36.800	-5.500	0.125
-36.700	-5.500	0.124
-36.600	-5.500	0.126
-36.500	-5.500	0.128
-36.400	-5.500	0.131
-36.300	-5.500	0.134
-36.200	-5.500	0.167
-36.100	-5.500	0.170
-36.000	-5.500	0.175
-35.900	-5.500	0.175
-35.800	-5.500	0.178
-35.700	-5.500	0.174
-35.600	-5.500	0.174
-35.500	-5.500	0.167
-35.400	-5.500	0.163
-35.300	-5.500	0.127
-40.900	-5.600	0.055
-40.800	-5.600	0.056
-40.700	-5.600	0.057
-40.600	-5.600	0.058
-40.500	-5.600	0.059
-40.400	-5.600	0.061
-40.300	-5.600	0.062
-40.200	-5.600	0.063
-40.100	-5.600	0.064
-40.000	-5.600	0.065
-39.900	-5.600	0.077
-39.800	-5.600	0.078
-39.700	-5.600	0.080
-39.600	-5.600	0.081
-39.500	-5.600	0.083
-39.400	-5.600	0.084
-39.300	-5.600	0.086
-39.200	-5.600	0.087
-39.100	-5.600	0.089
-39.000	-5.600	0.091
-38.900	-5.600	0.092
-38.800	-5.600	0.094
-38.700	-5.600	0.113
-38.600	-5.600	0.117
-38.500	-5.600	0.120
-38.400	-5.600	0.125
-38.300	-5.600	0.128
-38.200	-5.600	0.133
-38.100	-5.600	0.135
-38.000	-5.600	0.168
-37.900	-5.600	0.169
-37.800	-5.600	0.175
-37.700	-5.600	0.174
-37.600	-5.600	0.178
-37.500	-5.600	0.174
-37.400	-5.600	0.175
-37.300	-5.600	0.170
-37.200	-5.600	0.169
-37.100	-5.600	0.135
-37.000	-5.600	0.134
-36.900	-5.600	0.130
-36.800	-5.600	0.129
-36.700	-5.600	0.128
-36.600	-5.600	0.130
-36.500	-5.600	0.130
-36.400	-5.600	0.162
-36.300	-5.600	0.164
-36.200	-5.600	0.173
-36.100	-5.600	0.173
-36.000	-5.600	0.182
-35.900	-5.600	0.179
-35.800	-5.600	0.185
-35.700	-5.600	0.178
-35.600	-5.600	0.180
-35.500	-5.600	0.170
-35.400	-5.600	0.169
-35.300	-5.600	0.129
-40.900	-5.700	0.055
-40.800	-5.700	0.056
-40.700	-5.700	0.057
-40.600	-5.700	0.058
-40.500	-5.700	0.059
-40.400	-5.700	0.060
-40.300	-5.700	0.061
-40.200	-5.700	0.062
-40.100	-5.700	0.063
-40.000	-5.700	0.064
-39.900	-5.700	0.065
-39.800	-5.700	0.077
-39.700	-5.700	0.079
-39.600	-5.700	0.080
-39.500	-5.700	0.082
-39.400	-5.700	0.083
-39.300	-5.700	0.085
-39.200	-5.700	0.087
-39.100	-5.700	0.088
-39.000	-5.700	0.090
-38.900	-5.700	0.092
-38.800	-5.700	0.094
-38.700	-5.700	0.114
-38.600	-5.700	0.118
-38.500	-5.700	0.122
-38.400	-5.700	0.127
-38.300	-5.700	0.131
-38.200	-5.700	0.136
-38.100	-5.700	0.169
-38.000	-5.700	0.174
-37.900	-5.700	0.177
-37.800	-5.700	0.182
-37.700	-5.700	0.183
-37.600	-5.700	0.185
-37.500	-5.700	0.183
-37.400	-5.700	0.182
-37.300	-5.700	0.177
-37.200	-5.700	0.174
-37.100	-5.700	0.169
-37.000	-5.700	0.165
-36.900	-5.700	0.133
-36.800	-5.700	0.131
-36.700	-5.700	0.130
-36.600	-5.700	0.130
-36.500	-5.700	0.130
-36.400	-5.700	0.133
-36.300	-5.700	0.163
-36.200	-5.700	0.168
-36.100	-5.700	0.171
-36.000	-5.700	0.176
-35.900	-5.700	0.175
-35.800	-5.700	0.178
-35.700	-5.700	0.174
-35.600	-5.700	0.174
-35.500	-5.700	0.167
-35.400	-5.700	0.163
-35.300	-5.700	0.127
-35.200	-5.700	0.122
-40.900	-5.800	0.054
-40.800	-5.800	0.055
-40.700	-5.800	0.056
-40.600	-5.800	0.057
-40.500	-5.800	0.058
-40.400	-5.800	0.059
-40.300	-5.800	0.060
-40.200	-5.800	0.061
-40.100	-5.800	0.062
-40.000	-5.800	0.063
-39.900	-5.800	0.065
-39.800	-5.800	0.076
-39.700	-5.800	0.078
-39.600	-5.800	0.079
-39.500	-5.800	0.081
-39.400	-5.800	0.083
-39.300	-5.800	0.084
-39.200	-5.800	0.086
-39.100	-5.800	0.088
-39.000	-5.800	0.090
-38.900	-5.800	0.092
-38.800	-5.800	0.095
-38.700	-5.800	0.115
-38.600	-5.800	0.120
-38.500	-5.800	0.124
-38.400	-5.800	0.131
-38.300	-5.800	0.135
-38.200	-5.800	0.172
-38.100	-5.800	0.176
-38.000	-5.800	0.187
-37.900	-5.800	0.188
-37.800	-5.800	0.197
-37.700	-5.800	0.195
-37.600	-5.800	0.249
-37.500	-5.800	0.195
-37.400	-5.800	0.197
-37.300	-5.800	0.189
-37.200	-5.800	0.187
-37.100	-5.800	0.177
-37.000	-5.800	0.174
-36.900	-5.800	0.167
-36.800	-5.800	0.136
-36.700	-5.800	0.133
-36.600	-5.800	0.133
-36.500	-5.800	0.132
-36.400	-5.800	0.164
-36.300	-5.800	0.163
-36.200	-5.800	0.171
-36.100	-5.800	0.171
-36.000	-5.800	0.179
-35.900	-5.800	0.176
-35.800	-5.800	0.181
-35.700	-5.800	0.175
-35.600	-5.800	0.177
-35.500	-5.800	0.167
-35.400	-5.800	0.166
-35.300	-5.800	0.127
-35.200	-5.800	0.124
-40.800	-5.900	0.054
-40.700	-5.900	0.055
-40.600	-5.900	0.056
-40.500	-5.900	0.057
-40.400	-5.900	0.059
-40.300	-5.900	0.060
-40.200	-5.900	0.061
-40.100	-5.900	0.062
-40.000	-5.900	0.063
-39.900	-5.900	0.064
-39.800	-5.900	0.065
-39.700	-5.900	0.077
-39.600	-5.900	0.079
-39.500	-5.900	0.080
-39.400	-5.900	0.082
-39.300	-5.900	0.084
-39.200	-5.900	0.086
-39.100	-5.900	0.088
-39.000	-5.900	0.090
-38.900	-5.900	0.092
-38.800	-5.900	0.095
-38.700	-5.900	0.116
-38.600	-5.900	0.121
-38.500	-5.900	0.127
-38.400	-5.900	0.133
-38.300	-5.900	0.167
-38.200	-5.900	0.176
-38.100	-5.900	0.183
-38.000	-5.900	0.191
-37.900	-5.900	0.196
-37.800	-5.900	0.250
-37.700	-5.900	0.251
-37.600	-5.900	0.255
-37.500	-5.900	0.251
-37.400	-5.900	0.250
-37.300	-5.900	0.196
-37.200	-5.900	0.192
-37.100	-5.900	0.184
-37.000	-5.900	0.178
-36.900	-5.900	0.169
-36.800	-5.900	0.166
-36.700	-5.900	0.134
-36.600	-5.900	0.132
-36.500	-5.900	0.131
-36.400	-5.900	0.133
-36.300	-5.900	0.133
-36.200	-5.900	0.164
-36.100	-5.900	0.166
-36.000	-5.900	0.170
-35.900	-5.900	0.170
-35.800	-5.900	0.172
-35.700	-5.900	0.168
-35.600	-5.900	0.167
-35.500	-5.900	0.161
-35.400	-5.900	0.129
-35.300	-5.900	0.124
-35.200	-5.900	0.119
-40.800	-6.000	0.054
-40.700	-6.000	0.055
-40.600	-6.000	0.056
-40.500	-6.000	0.057
-40.400	-6.000	0.058
-40.300	-6.000	0.059
-40.200	-6.000	0.060
-40.100	-6.000	0.061
-40.000	-6.000	0.062
-39.900	-6.000	0.063
-39.800	-6.000	0.065
-39.700	-6.000	0.066
-39.600	-6.000	0.078
-39.500	-6.000	0.080
-39.400	-6.000	0.081
-39.300	-6.000	0.083
-39.200	-6.000	0.085
-39.100	-6.000	0.087
-39.000	-6.000	0.090
-38.900	-6.000	0.092
-38.800	-6.000	0.112
-38.700	-6.000	0.117
-38.600	-6.000	0.124
-38.500	-6.000	0.130
-38.400	-6.000	0.166
-38.300	-6.000	0.173
-38.200	-6.000	0.186
-38.100	-6.000	0.191
-38.000	-6.000	0.254
-37.900	-6.000	0.256
-37.800	-6.000	0.271
-37.700	-6.000	0.267
-37.600	-6.000	0.277
-37.500	-6.000	0.267
-37.400	-6.000	0.272
-37.300	-6.000	0.256
-37.200	-6.000	0.255
-37.100	-6.000	0.193
-37.000	-6.000	0.188
-36.900	-6.000	0.176
-36.800	-6.000	0.171
-36.700	-6.000	0.136
-36.600	-6.000	0.135
-36.500	-6.000	0.132
-36.400	-6.000	0.133
-36.300	-6.000	0.132
-36.200	-6.000	0.164
-36.100	-6.000	0.163
-36.000	-6.000	0.169
-35.900	-6.000	0.166
-35.800	-6.000	0.171
-35.700	-6.000	0.165
-35.600	-6.000	0.166
-35.500	-6.000	0.130
-35.400	-6.000	0.129
-35.300	-6.000	0.121
-35.200	-6.000	0.118
-40.800	-6.100	0.053
-40.700	-6.100	0.054
-40.600	-6.100	0.055
-40.500	-6.100	0.056
-40.400	-6.100	0.057
-40.300	-6.100	0.058
-40.200	-6.100	0.060
-40.100	-6.100	0.061
-40.000	-6.100	0.062
-39.900	-6.100	0.063
-39.800	-6.100	0.064
-39.700	-6.100	0.065
-39.600	-6.100	0.077
-39.500	-6.100	0.079
-39.400	-6.100	0.081
-39.300	-6.100	0.083
-39.200	-6.100	0.085
-39.100	-6.100	0.087
-39.000	-6.100	0.090
-38.900	-6.100	0.092
-38.800	-6.100	0.112
-38.700	-6.100	0.118
-38.600	-6.100	0.125
-38.500	-6.100	0.131
-38.400	-6.100	0.167
-38.300	-6.100	0.176
-38.200	-6.100	0.187
-38.100	-6.100	0.195
-38.000	-6.100	0.255
-37.900	-6.100	0.262
-37.800	-6.100	0.272
-37.700	-6.100	0.273
-37.600	-6.100	0.278
-37.500	-6.100	0.273
-37.400	-6.100	0.272
-37.300	-6.100	0.262
-37.200	-6.100	0.256
-37.100	-6.100	0.196
-37.000	-6.100	0.189
-36.900	-6.100	0.179
-36.800	-6.100	0.171
-36.700	-6.100	0.165
-36.600	-6.100	0.133
-36.500	-6.100	0.131
-36.400	-6.100	0.130
-36.300	-6.100	0.129
-36.200	-6.100	0.131
-36.100	-6.100	0.131
-36.000	-6.100	0.132
-35.900	-6.100	0.132
-35.800	-6.100	0.132
-35.700	-6.100	0.130
-35.600	-6.100	0.129
-35.500	-6.100	0.125
-35.400	-6.100	0.122
-35.300	-6.100	0.117
-35.200	-6.100	0.112
-35.100	-6.100	0.088
-40.800	-6.200	0.053
-40.700	-6.200	0.054
-40.600	-6.200	0.055
-40.500	-6.200	0.056
-40.400	-6.200	0.057
-40.300	-6.200	0.058
-40.200	-6.200	0.059
-40.100	-6.200	0.060
-40.000	-6.200	0.061
-39.900	-6.200	0.062
-39.800	-6.200	0.064
-39.700	-6.200	0.065
-39.600	-6.200	0.077
-39.500	-6.200	0.078
-39.400	-6.200	0.080
-39.300	-6.200	0.082
-39.200	-6.200	0.085
-39.100	-6.200	0.087
-39.000	-6.200	0.090
-38.900	-6.200	0.092
-38.800	-6.200	0.114
-38.700	-6.200	0.119
-38.600	-6.200	0.127
-38.500	-6.200	0.133
-38.400	-6.200	0.173
-38.300	-6.200	0.181
-38.200	-6.200	0.197
-38.100	-6.200	0.250
-38.000	-6.200	0.271
-37.900	-6.200	0.273
-37.800	-6.200	0.290
-37.700	-6.200	0.284
-37.600	-6.200	0.296
-37.500	-6.200	0.284
-37.400	-6.200	0.290
-37.300	-6.200	0.273
-37.200	-6.200	0.272
-37.100	-6.200	0.251
-37.000	-6.200	0.245
-36.900	-6.200	0.184
-36.800	-6.200	0.177
-36.700	-6.200	0.167
-36.600	-6.200	0.135
-36.500	-6.200	0.130
-36.400	-6.200	0.129
-36.300	-6.200	0.127
-36.200	-6.200	0.129
-36.100	-6.200	0.128
-36.000	-6.200	0.130
-35.900	-6.200	0.128
-35.800	-6.200	0.129
-35.700	-6.200	0.126
-35.600	-6.200	0.126
-35.500	-6.200	0.121
-35.400	-6.200	0.119
-35.300	-6.200	0.113
-35.200	-6.200	0.109
-35.100	-6.200	0.086
-40.700	-6.300	0.053
-40.600	-6.300	0.054
-40.500	-6.300	0.055
-40.400	-6.300	0.056
-40.300	-6.300	0.057
-40.200	-6.300	0.058
-40.100	-6.300	0.059
-40.000	-6.300	0.061
-39.900	-6.300	0.062
-39.800	-6.300	0.063
-39.700	-6.300	0.064
-39.600	-6.300	0.065
-39.500	-6.300	0.078
-39.400	-6.300	0.080
-39.300	-6.300	0.082
-39.200	-6.300	0.084
-39.100	-6.300	0.086
-39.000	-6.300	0.089
-38.900	-6.300	0.092
-38.800	-6.300	0.113
-38.700	-6.300	0.119
-38.600	-6.300	0.126
-38.500	-6.300	0.134
-38.400	-6.300	0.171
-38.300	-6.300	0.182
-38.200	-6.300	0.194
-38.100	-6.300	0.251
-38.000	-6.300	0.266
-37.900	-6.300	0.273
-37.800	-6.300	0.284
-37.700	-6.300	0.285
-37.600	-6.300	0.290
-37.500	-6.300	0.285
-37.400	-6.300	0.284
-37.300	-6.300	0.273
-37.200	-6.300	0.267
-37.100	-6.300	0.252
-37.000	-6.300	0.195
-36.900	-6.300	0.184
-36.800	-6.300	0.175
-36.700	-6.300	0.166
-36.600	-6.300	0.133
-36.500	-6.300	0.128
-36.400	-6.300	0.126
-36.300	-6.300	0.124
-36.200	-6.300	0.123
-36.100	-6.300	0.123
-36.000	-6.300	0.123
-35.900	-6.300	0.122
-35.800	-6.300	0.122
-35.700	-6.300	0.120
-35.600	-6.300	0.118
-35.500	-6.300	0.115
-35.400	-6.300	0.112
-35.300	-6.300	0.090
-35.200	-6.300	0.087
-35.100	-6.300	0.084
-40.800	-6.400	0.051
-40.700	-6.400	0.052
-40.600	-6.400	0.054
-40.500	-6.400	0.055
-40.400	-6.400	0.056
-40.300	-6.400	0.057
-40.200	-6.400	0.058
-40.100	-6.400	0.059
-40.000	-6.400	0.060
-39.900	-6.400	0.061
-39.800	-6.400	0.063
-39.700	-6.400	0.064
-39.600	-6.400	0.065
-39.500	-6.400	0.077
-39.400	-6.400	0.079
-39.300	-6.400	0.081
-39.200	-6.400	0.084
-39.100	-6.400	0.086
-39.000	-6.400	0.089
-38.900	-6.400	0.092
-38.800	-6.400	0.114
-38.700	-6.400	0.120
-38.600	-6.400	0.128
-38.500	-6.400	0.134
-38.400	-6.400	0.176
-38.300	-6.400	0.184
-38.200	-6.400	0.248
-38.100	-6.400	0.255
-38.000	-6.400	0.277
-37.900	-6.400	0.278
-37.800	-6.400	0.296
-37.700	-6.400	0.290
-37.600	-6.400	0.302
-37.500	-6.400	0.290
-37.400	-6.400	0.296
-37.300	-6.400	0.279
-37.200	-6.400	0.277
-37.100	-6.400	0.256
-37.000	-6.400	0.249
-36.900	-6.400	0.186
-36.800	-6.400	0.179
-36.700	-6.400	0.167
-36.600	-6.400	0.133
-36.500	-6.400	0.127
-36.400	-6.400	0.125
-36.300	-6.400	0.121
-36.200	-6.400	0.121
-36.100	-6.400	0.119
-36.000	-6.400	0.120
-35.900	-6.400	0.117
-35.800	-6.400	0.118
-35.700	-6.400	0.115
-35.600	-6.400	0.114
-35.500	-6.400	0.110
-35.400	-6.400	0.090
-35.300	-6.400	0.087
-35.200	-6.400	0.085
-35.100	-6.400	0.082
-35.000	-6.400	0.079
-40.700	-6.500	0.052
-40.600	-6.500	0.053
-40.500	-6.500	0.054
-40.400	-6.500	0.055
-40.300	-6.500	0.056
-40.200	-6.500	0.057
-40.100	-6.500	0.058
-40.000	-6.500	0.060
-39.900	-6.500	0.061
-39.800	-6.500	0.062
-39.700	-6.500	0.063
-39.600	-6.500	0.064
-39.500	-6.500	0.077
-39.400	-6.500	0.079
-39.300	-6.500	0.081
-39.200	-6.500	0.083
-39.100	-6.500	0.085
-39.000	-6.500	0.088
-38.900	-6.500	0.091
-38.800	-6.500	0.112
-38.700	-6.500	0.118
-38.600	-6.500	0.126
-38.500	-6.500	0.133
-38.400	-6.500	0.171
-38.300	-6.500	0.181
-38.200	-6.500	0.194
-38.100	-6.500	0.250
-38.000	-6.500	0.266
-37.900	-6.500	0.273
-37.800	-6.500	0.284
-37.700	-6.500	0.285
-37.600	-6.500	0.290
-37.500	-6.500	0.285
-37.400	-6.500	0.284
-37.300	-6.500	0.273
-37.200	-6.500	0.266
-37.100	-6.500	0.251
-37.000	-6.500	0.195
-36.900	-6.500	0.183
-36.800	-6.500	0.173
-36.700	-6.500	0.136
-36.600	-6.500	0.131
-36.500	-6.500	0.125
-36.400	-6.500	0.121
-36.300	-6.500	0.118
-36.200	-6.500	0.116
-36.100	-6.500	0.114
-36.000	-6.500	0.114
-35.900	-6.500	0.112
-35.800	-6.500	0.111
-35.700	-6.500	0.091
-35.600	-6.500	0.090
-35.500	-6.500	0.088
-35.400	-6.500	0.086
-35.300	-6.500	0.084
-35.200	-6.500	0.082
-35.100	-6.500	0.079
-35.000	-6.500	0.077
-40.700	-6.600	0.051
-40.600	-6.600	0.052
-40.500	-6.600	0.053
-40.400	-6.600	0.055
-40.300	-6.600	0.056
-40.200	-6.600	0.057
-40.100	-6.600	0.058
-40.000	-6.600	0.059
-39.900	-6.600	0.060
-39.800	-6.600	0.061
-39.700	-6.600	0.063
-39.600	-6.600	0.064
-39.500	-6.600	0.065
-39.400	-6.600	0.078
-39.300	-6.600	0.080
-39.200	-6.600	0.082
-39.100	-6.600	0.085
-39.000	-6.600	0.088
-38.900	-6.600	0.091
-38.800	-6.600	0.112
-38.700	-6.600	0.118
-38.600	-6.600	0.126
-38.500	-6.600	0.132
-38.400	-6.600	0.172
-38.300	-6.600	0.180
-38.200	-6.600	0.196
-38.100	-6.600	0.250
-38.000	-6.600	0.271
-37.900	-6.600	0.272
-37.800	-6.600	0.289
-37.700	-6.600	0.284
-37.600	-6.600	0.296
-37.500	-6.600	0.284
-37.400	-6.600	0.289
-37.300	-6.600	0.272
-37.200	-6.600	0.271
-37.100	-6.600	0.250
-37.000	-6.600	0.197
-36.900	-6.600	0.182
-36.800	-6.600	0.174
-36.700	-6.600	0.135
-36.600	-6.600	0.130
-36.500	-6.600	0.123
-36.400	-6.600	0.119
-36.300	-6.600	0.115
-36.200	-6.600	0.113
-36.100	-6.600	0.094
-36.000	-6.600	0.093
-35.900	-6.600	0.091
-35.800	-6.600	0.090
-35.700	-6.600	0.089
-35.600	-6.600	0.088
-35.500	-6.600	0.085
-35.400	-6.600	0.084
-35.300	-6.600	0.082
-35.200	-6.600	0.080
-35.100	-6.600	0.077
-35.000	-6.600	0.075
-40.600	-6.700	0.052
-40.500	-6.700	0.053
-40.400	-6.700	0.054
-40.300	-6.700	0.055
-40.200	-6.700	0.056
-40.100	-6.700	0.057
-40.000	-6.700	0.058
-39.900	-6.700	0.060
-39.800	-6.700	0.061
-39.700	-6.700	0.062
-39.600	-6.700	0.063
-39.500	-6.700	0.065
-39.400	-6.700	0.077
-39.300	-6.700	0.079
-39.200	-6.700	0.081
-39.100	-6.700	0.084
-39.000	-6.700	0.087
-38.900	-6.700	0.090
-38.800	-6.700	0.093
-38.700	-6.700	0.115
-38.600	-6.700	0.122
-38.500	-6.700	0.129
-38.400	-6.700	0.165
-38.300	-6.700	0.175
-38.200	-6.700	0.186
-38.100	-6.700	0.194
-38.000	-6.700	0.254
-37.900	-6.700	0.261
-37.800	-6.700	0.272
-37.700	-6.700	0.273
-37.600	-6.700	0.278
-37.500	-6.700	0.273
-37.400	-6.700	0.272
-37.300	-6.700	0.261
-37.200	-6.700	0.255
-37.100	-6.700	0.195
-37.000	-6.700	0.187
-36.900	-6.700	0.176
-36.800	-6.700	0.167
-36.700	-6.700	0.132
-36.600	-6.700	0.126
-36.500	-6.700	0.120
-36.400	-6.700	0.116
-36.300	-6.700	0.112
-36.200	-6.700	0.093
-36.100	-6.700	0.091
-36.000	-6.700	0.090
-35.900	-6.700	0.089
-35.800	-6.700	0.088
-35.700	-6.700	0.086
-35.600	-6.700	0.085
-35.500	-6.700	0.083
-35.400	-6.700	0.081
-35.300	-6.700	0.079
-35.200	-6.700	0.077
-35.100	-6.700	0.075
-35.000	-6.700	0.062
-40.400	-6.800	0.053
-40.300	-6.800	0.054
-40.200	-6.800	0.056
-40.100	-6.800	0.057
-40.000	-6.800	0.058
-39.900	-6.800	0.059
-39.800	-6.800	0.060
-39.700	-6.800	0.062
-39.600	-6.800	0.063
-39.500	-6.800	0.064
-39.400	-6.800	0.076
-39.300	-6.800	0.078
-39.200	-6.800	0.081
-39.100	-6.800	0.083
-39.000	-6.800	0.086
-38.900	-6.800	0.088
-38.800	-6.800	0.092
-38.700	-6.800	0.114
-38.600	-6.800	0.121
-38.500	-6.800	0.127
-38.400	-6.800	0.163
-38.300	-6.800	0.171
-38.200	-6.800	0.185
-38.100	-6.800	0.190
-38.000	-6.800	0.253
-37.900	-6.800	0.255
-37.800	-6.800	0.271
-37.700	-6.800	0.266
-37.600	-6.800	0.277
-37.500	-6.800	0.266
-37.400	-6.800	0.271
-37.300	-6.800	0.255
-37.200	-6.800	0.253
-37.100	-6.800	0.191
-37.000	-6.800	0.186
-36.900	-6.800	0.172
-36.800	-6.800	0.165
-36.700	-6.800	0.129
-36.600	-6.800	0.124
-36.500	-6.800	0.118
-36.400	-6.800	0.114
-36.300	-6.800	0.093
-36.200	-6.800	0.091
-36.100	-6.800	0.090
-36.000	-6.800	0.088
-35.900	-6.800	0.087
-35.800	-6.800	0.085
-35.700	-6.800	0.084
-35.600	-6.800	0.082
-35.500	-6.800	0.081
-35.400	-6.800	0.079
-35.300	-6.800	0.077
-35.200	-6.800	0.075
-35.100	-6.800	0.063
-35.000	-6.800	0.062
-40.400	-6.900	0.053
-40.300	-6.900	0.054
-40.200	-6.900	0.055
-40.100	-6.900	0.056
-40.000	-6.900	0.057
-39.900	-6.900	0.058
-39.800	-6.900	0.060
-39.700	-6.900	0.061
-39.600	-6.900	0.062
-39.500	-6.900	0.064
-39.400	-6.900	0.065
-39.300	-6.900	0.077
-39.200	-6.900	0.080
-39.100	-6.900	0.082
-39.000	-6.900	0.084
-38.900	-6.900	0.087
-38.800	-6.900	0.090
-38.700	-6.900	0.093
-38.600	-6.900	0.117
-38.500	-6.900	0.123
-38.400	-6.900	0.130
-38.300	-6.900	0.164
-38.200	-6.900	0.173
-38.100	-6.900	0.181
-38.000	-6.900	0.190
-37.900	-6.900	0.194
-37.800	-6.900	0.249
-37.700	-6.900	0.250
-37.600	-6.900	0.254
-37.500	-6.900	0.250
-37.400	-6.900	0.249
-37.300	-6.900	0.194
-37.200	-6.900	0.190
-37.100	-6.900	0.181
-37.000	-6.900	0.174
-36.900	-6.900	0.166
-36.800	-6.900	0.131
-36.700	-6.900	0.125
-36.600	-6.900	0.120
-36.500	-6.900	0.114
-36.400	-6.900	0.094
-36.300	-6.900	0.091
-36.200	-6.900	0.089
-36.100	-6.900	0.088
-36.000	-6.900	0.086
-35.900	-6.900	0.085
-35.800	-6.900	0.083
-35.700	-6.900	0.082
-35.600	-6.900	0.080
-35.500	-6.900	0.078
-35.400	-6.900	0.077
-35.300	-6.900	0.064
-35.200	-6.900	0.063
-35.100	-6.900	0.062
-35.000	-6.900	0.061
-34.900	-6.900	0.059
-40.400	-7.000	0.052
-40.300	-7.000	0.053
-40.200	-7.000	0.054
-40.100	-7.000	0.055
-40.000	-7.000	0.057
-39.900	-7.000	0.058
-39.800	-7.000	0.059
-39.700	-7.000	0.060
-39.600	-7.000	0.062
-39.500	-7.000	0.063
-39.400	-7.000	0.064
-39.300	-7.000	0.076
-39.200	-7.000	0.079
-39.100	-7.000	0.081
-39.000	-7.000	0.083
-38.900	-7.000	0.086
-38.800	-7.000	0.089
-38.700	-7.000	0.092
-38.600	-7.000	0.114
-38.500	-7.000	0.119
-38.400	-7.000	0.126
-38.300	-7.000	0.131
-38.200	-7.000	0.168
-38.100	-7.000	0.173
-38.000	-7.000	0.185
-37.900	-7.000	0.186
-37.800	-7.000	0.195
-37.700	-7.000	0.193
-37.600	-7.000	0.247
-37.500	-7.000	0.193
-37.400	-7.000	0.196
-37.300	-7.000	0.187
-37.200	-7.000	0.185
-37.100	-7.000	0.174
-37.000	-7.000	0.169
-36.900	-7.000	0.133
-36.800	-7.000	0.128
-36.700	-7.000	0.121
-36.600	-7.000	0.117
-36.500	-7.000	0.094
-36.400	-7.000	0.092
-36.300	-7.000	0.090
-36.200	-7.000	0.088
-36.100	-7.000	0.086
-36.000	-7.000	0.084
-35.900	-7.000	0.083
-35.800	-7.000	0.081
-35.700	-7.000	0.080
-35.600	-7.000	0.078
-35.500	-7.000	0.077
-35.400	-7.000	0.064
-35.300	-7.000	0.063
-35.200	-7.000	0.062
-35.100	-7.000	0.061
-35.000	-7.000	0.060
-34.900	-7.000	0.058
-40.400	-7.100	0.052
-40.300	-7.100	0.053
-40.200	-7.100	0.054
-40.100	-7.100	0.055
-40.000	-7.100	0.056
-39.900	-7.100	0.057
-39.800	-7.100	0.058
-39.700	-7.100	0.060
-39.600	-7.100	0.061
-39.500	-7.100	0.062
-39.400	-7.100	0.063
-39.300	-7.100	0.065
-39.200	-7.100	0.077
-39.100	-7.100	0.079
-39.000	-7.100	0.082
-38.900	-7.100	0.084
-38.800	-7.100	0.087
-38.700	-7.100	0.090
-38.600	-7.100	0.093
-38.500	-7.100	0.114
-38.400	-7.100	0.120
-38.300	-7.100	0.125
-38.200	-7.100	0.131
-38.100	-7.100	0.163
-38.000	-7.100	0.170
-37.900	-7.100	0.174
-37.800	-7.100	0.179
-37.700	-7.100	0.180
-37.600	-7.100	0.183
-37.500	-7.100	0.180
-37.400	-7.100	0.180
-37.300	-7.100	0.174
-37.200	-7.100	0.170
-37.100	-7.100	0.165
-37.000	-7.100	0.132
-36.900	-7.100	0.126
-36.800	-7.100	0.122
-36.700	-7.100	0.117
-36.600	-7.100	0.112
-36.500	-7.100	0.092
-36.400	-7.100	0.090
-36.300	-7.100	0.088
-36.200	-7.100	0.086
-36.100	-7.100	0.084
-36.000	-7.100	0.082
-35.900	-7.100	0.081
-35.800	-7.100	0.079
-35.700	-7.100	0.078
-35.600	-7.100	0.076
-35.500	-7.100	0.064
-35.400	-7.100	0.063
-35.300	-7.100	0.062
-35.200	-7.100	0.061
-35.100	-7.100	0.060
-35.000	-7.100	0.059
-34.900	-7.100	0.057
-40.500	-7.200	0.043
-40.400	-7.200	0.044
-40.300	-7.200	0.052
-40.200	-7.200	0.053
-40.100	-7.200	0.054
-40.000	-7.200	0.055
-39.900	-7.200	0.057
-39.800	-7.200	0.058
-39.700	-7.200	0.059
-39.600	-7.200	0.060
-39.500	-7.200	0.061
-39.400	-7.200	0.063
-39.300	-7.200	0.064
-39.200	-7.200	0.076
-39.100	-7.200	0.078
-39.000	-7.200	0.080
-38.900	-7.200	0.083
-38.800	-7.200	0.085
-38.700	-7.200	0.087
-38.600	-7.200	0.090
-38.500	-7.200	0.093
-38.400	-7.200	0.116
-38.300	-7.200	0.120
-38.200	-7.200	0.126
-38.100	-7.200	0.129
-38.000	-7.200	0.162
-37.900	-7.200	0.164
-37.800	-7.200	0.171
-37.700	-7.200	0.170
-37.600	-7.200	0.174
-37.500	-7.200	0.170
-37.400	-7.200	0.171
-37.300	-7.200	0.164
-37.200	-7.200	0.162
-37.100	-7.200	0.130
-37.000	-7.200	0.127
-36.900	-7.200	0.121
-36.800	-7.200	0.118
-36.700	-7.200	0.112
-36.600	-7.200	0.092
-36.500	-7.200	0.090
-36.400	-7.200	0.088
-36.300	-7.200	0.086
-36.200	-7.200	0.084
-36.100	-7.200	0.082
-36.000	-7.200	0.081
-35.900	-7.200	0.079
-35.800	-7.200	0.078
-35.700	-7.200	0.076
-35.600	-7.200	0.064
-35.500	-7.200	0.063
-35.400	-7.200	0.062
-35.300	-7.200	0.061
-35.200	-7.200	0.060
-35.100	-7.200	0.059
-35.000	-7.200	0.058
-34.900	-7.200	0.057
-34.800	-7.200	0.055
-40.500	-7.300	0.043
-40.400	-7.300	0.044
-40.300	-7.300	0.051
-40.200	-7.300	0.052
-40.100	-7.300	0.054
-40.000	-7.300	0.055
-39.900	-7.300	0.056
-39.800	-7.300	0.057
-39.700	-7.300	0.058
-39.600	-7.300	0.059
-39.500	-7.300	0.061
-39.400	-7.300	0.062
-39.300	-7.300	0.063
-39.200	-7.300	0.064
-39.100	-7.300	0.077
-39.000	-7.300	0.079
-38.900	-7.300	0.081
-38.800	-7.300	0.083
-38.700	-7.300	0.085
-38.600	-7.300	0.088
-38.500	-7.300	0.090
-38.400	-7.300	0.093
-38.300	-7.300	0.114
-38.200	-7.300	0.119
-38.100	-7.300	0.122
-38.000	-7.300	0.126
-37.900	-7.300	0.128
-37.800	-7.300	0.131
-37.700	-7.300	0.132
-37.600	-7.300	0.133
-37.500	-7.300	0.132
-37.400	-7.300	0.131
-37.100	-7.300	0.123
-37.000	-7.300	0.119
-36.900	-7.300	0.115
-36.800	-7.300	0.112
-36.700	-7.300	0.092
-36.600	-7.300	0.090
-36.500	-7.300	0.088
-36.400	-7.300	0.086
-36.300	-7.300	0.084
-36.200	-7.300	0.082
-36.100	-7.300	0.081
-36.000	-7.300	0.079
-35.900	-7.300	0.078
-35.800	-7.300	0.076
-35.700	-7.300	0.064
-35.600	-7.300	0.063
-35.500	-7.300	0.062
-35.400	-7.300	0.061
-35.300	-7.300	0.060
-35.200	-7.300	0.059
-35.100	-7.300	0.058
-35.000	-7.300	0.057
-34.900	-7.300	0.056
-34.800	-7.300	0.055
-39.600	-7.400	0.059
-39.500	-7.400	0.060
-39.400	-7.400	0.061
-39.300	-7.400	0.062
-39.200	-7.400	0.063
-39.100	-7.400	0.065
-39.000	-7.400	0.077
-38.900	-7.400	0.079
-38.800	-7.400	0.081
-38.700	-7.400	0.083
-38.600	-7.400	0.086
-38.500	-7.400	0.088
-38.400	-7.400	0.090
-38.300	-7.400	0.092
-38.200	-7.400	0.113
-38.100	-7.400	0.116
-38.000	-7.400	0.120
-37.900	-7.400	0.121
-37.800	-7.400	0.124
-37.700	-7.400	0.124
-37.600	-7.400	0.126
-37.500	-7.400	0.124
-37.000	-7.400	0.114
-36.900	-7.400	0.093
-36.800	-7.400	0.091
-36.700	-7.400	0.089
-36.600	-7.400	0.087
-36.500	-7.400	0.085
-36.400	-7.400	0.084
-36.300	-7.400	0.082
-36.200	-7.400	0.080
-36.100	-7.400	0.079
-36.000	-7.400	0.077
-35.900	-7.400	0.076
-35.800	-7.400	0.064
-35.700	-7.400	0.063
-35.600	-7.400	0.062
-35.500	-7.400	0.061
-35.400	-7.400	0.060
-35.100	-7.400	0.057
-35.000	-7.400	0.056
-34.900	-7.400	0.055
-39.400	-7.500	0.060
-39.300	-7.500	0.061
-39.200	-7.500	0.062
-39.100	-7.500	0.064
-39.000	-7.500	0.065
-38.900	-7.500	0.077
-38.800	-7.500	0.079
-38.700	-7.500	0.081
-38.600	-7.500	0.083
-38.500	-7.500	0.085
-38.400	-7.500	0.087
-38.300	-7.500	0.089
-38.200	-7.500	0.091
-38.100	-7.500	0.092
-38.000	-7.500	0.112
-37.900	-7.500	0.114
-37.800	-7.500	0.116
-37.700	-7.500	0.116
-37.600	-7.500	0.117
-37.000	-7.500	0.092
-36.900	-7.500	0.090
-36.800	-7.500	0.088
-36.700	-7.500	0.086
-36.600	-7.500	0.085
-36.500	-7.500	0.083
-36.400	-7.500	0.082
-36.300	-7.500	0.080
-36.200	-7.500	0.079
-36.100	-7.500	0.077
-36.000	-7.500	0.065
-35.900	-7.500	0.064
-35.800	-7.500	0.063
-35.700	-7.500	0.062
-35.600	-7.500	0.061
-34.900	-7.500	0.054
-39.400	-7.600	0.059
-39.300	-7.600	0.060
-39.200	-7.600	0.061
-39.100	-7.600	0.063
-39.000	-7.600	0.064
-38.900	-7.600	0.065
-38.800	-7.600	0.077
-38.700	-7.600	0.079
-38.600	-7.600	0.081
-38.500	-7.600	0.083
-38.400	-7.600	0.084
-38.300	-7.600	0.086
-38.200	-7.600	0.088
-38.100	-7.600	0.089
-38.000	-7.600	0.090
-37.900	-7.600	0.091
-37.800	-7.600	0.092
-37.100	-7.600	0.090
-37.000	-7.600	0.088
-36.900	-7.600	0.087
-36.800	-7.600	0.086
-36.700	-7.600	0.084
-36.600	-7.600	0.083
-36.500	-7.600	0.081
-36.400	-7.600	0.080
-36.300	-7.600	0.078
-36.200	-7.600	0.077
-36.100	-7.600	0.065
-36.000	-7.600	0.064
-35.900	-7.600	0.063
-35.800	-7.600	0.062
-35.700	-7.600	0.061
-35.600	-7.600	0.060
-39.100	-7.700	0.061
-39.000	-7.700	0.063
-38.900	-7.700	0.064
-38.600	-7.700	0.079
-38.500	-7.700	0.080
-38.400	-7.700	0.082
-38.300	-7.700	0.083
-38.200	-7.700	0.084
-38.100	-7.700	0.086
-38.000	-7.700	0.087
-37.100	-7.700	0.086
-37.000	-7.700	0.085
-36.900	-7.700	0.084
-36.800	-7.700	0.083
-36.700	-7.700	0.081
-36.600	-7.700	0.080
-36.500	-7.700	0.079
-36.400	-7.700	0.077
-36.300	-7.700	0.076
-36.200	-7.700	0.064
-36.100	-7.700	0.063
-36.000	-7.700	0.062
-35.900	-7.700	0.061
-35.800	-7.700	0.061
-35.700	-7.700	0.060
-39.000	-7.800	0.061
-38.200	-7.800	0.082
-38.100	-7.800	0.083
-37.100	-7.800	0.083
-37.000	-7.800	0.082
-36.900	-7.800	0.081
-36.800	-7.800	0.080
-36.700	-7.800	0.079
-36.600	-7.800	0.078
-36.500	-7.800	0.077
-36.400	-7.800	0.065
-36.300	-7.800	0.064
-36.000	-7.800	0.061
-37.200	-7.900	0.081
-37.100	-7.900	0.080
-37.000	-7.900	0.080
-36.900	-7.900	0.079
-36.800	-7.900	0.078
-36.700	-7.900	0.077
-36.600	-7.900	0.076
-36.500	-7.900	0.064
-37.100	-8.000	0.078
-37.000	-8.000	0.077
-36.900	-8.000	0.076
-36.800	-8.000	0.065
-36.700	-8.000	0.064
-37.100	-8.100	0.065
-37.000	-8.100	0.064
-36.900	-8.100	0.064
-36.800	-8.100	0.063
-36.700	-8.100	0.063
-37.100	-8.200	0.063
-37.000	-8.200	0.063
-36.900	-8.200	0.062
